#name 	 time 	 x 	 y 	 z 	 vx 	 vy 	 vz 
0	2000.000000	315.679899	-109.955590	308150.335190	0.037764	-0.187070	153.555280
1	2000.000000	-40.386788	-181.089280	293162.581844	0.014480	-0.199850	147.154910
2	2000.000000	879.586583	-29.901320	293680.122120	0.234297	-0.037470	147.247010
3	2000.000000	1886.729618	6535.778597	299694.509876	0.557324	2.941450	150.631630
4	2000.000000	-740.907287	-3872.448046	301509.511359	-0.146046	-1.757590	151.300520
5	2000.000000	4016.337458	-867.769101	299618.284211	1.556471	-0.476000	149.796780
6	2000.000000	-1011.029713	-680.264720	307058.906087	-0.264401	-0.306250	153.133060
7	2000.000000	-540.653410	-4732.527286	306535.482260	-0.217864	-2.220750	153.018520
8	2000.000000	-434.586063	3586.451896	306084.837910	-0.045971	1.518170	153.349020
9	2000.000000	-94.074745	-3359.838047	298170.064614	-0.007183	-1.500150	149.841750
10	2000.000000	7200.887802	-4078.611430	307939.630057	3.228919	-1.917360	153.685090
11	2000.000000	60.156614	-4281.639160	302474.296893	-0.047756	-2.029690	150.866770
12	2000.000000	-184.133301	3778.116536	302784.477240	-0.011198	1.696480	151.146490
13	2000.000000	-4195.711534	4930.325920	296475.432193	-1.545433	2.183310	148.346390
14	2000.000000	453.488725	-373.798867	298143.934569	0.081944	-0.169010	148.851560
15	2000.000000	977.457257	-2915.529878	300867.493428	0.361726	-1.372960	149.877990
16	2000.000000	-407.583018	6044.235786	297527.659921	-0.183631	2.795860	148.231320
17	2000.000000	-5925.107939	351.853493	304940.212737	-2.596939	0.023890	151.538570
18	2000.000000	4595.393296	8158.450948	302031.833100	1.998156	3.729110	151.417250
19	2000.000000	129.982659	-6166.044856	297191.507331	0.035474	-2.874920	149.556190
20	2000.000000	-7689.995831	-4571.635481	297167.059750	-3.285278	-2.126160	149.018470
21	2000.000000	-669.777330	-2879.003191	305033.669836	-0.210112	-1.283480	152.961160
22	2000.000000	1525.569815	8726.106646	301558.275582	0.649088	3.986360	150.238230
23	2000.000000	911.947367	1433.809184	302945.606970	0.368807	0.785370	150.559170
24	2000.000000	7143.815950	10171.669657	298721.177171	2.971172	4.564480	149.212080
25	2000.000000	-2159.619441	-77.575377	300874.323559	-0.734850	-0.002470	150.548100
26	2000.000000	-2693.086536	-5089.840277	301145.824281	-1.065297	-2.225820	149.694730
27	2000.000000	605.259330	-4255.448240	296750.563873	0.078738	-2.007410	148.069430
28	2000.000000	4619.588185	-1567.224971	308457.210386	1.999068	-0.771620	154.038890
29	2000.000000	1037.898208	2583.732309	296420.302894	0.367861	1.077890	147.736750
30	2000.000000	2408.865878	3344.125529	299424.472868	0.908115	1.686530	149.159840
31	2000.000000	-442.988062	6622.777859	303948.067406	-0.057290	2.888540	152.564750
32	2000.000000	571.158470	-2196.143746	298260.200592	0.078407	-0.992550	150.087010
33	2000.000000	38.123676	6698.971486	305033.001198	-0.017561	3.172160	152.664790
34	2000.000000	5798.456283	6911.118040	303298.648812	2.383790	3.214000	150.725990
35	2000.000000	-2129.019490	-7218.983586	308109.961438	-0.834664	-3.371250	154.062020
36	2000.000000	-96.747293	500.601866	303081.194013	-0.030321	0.248320	151.474660
37	2000.000000	-852.544264	1468.939940	313260.712796	-0.302894	0.660870	156.028930
38	2000.000000	1255.432117	-4679.374858	304009.648174	0.466203	-2.260880	151.296220
39	2000.000000	694.348992	-4900.182240	303734.885678	0.112811	-2.299390	151.537550
40	2000.000000	-248.147339	-3394.013081	294964.422244	-0.112587	-1.475190	147.194690
41	2000.000000	-15.200237	-10305.055386	301721.038407	-0.028736	-4.596340	150.193760
42	2000.000000	-4489.943208	5107.044306	301553.074810	-1.961379	2.470840	150.106230
43	2000.000000	-7776.046404	3029.492412	299251.533022	-3.331962	1.352650	148.693410
44	2000.000000	-2831.010515	-3555.716966	299628.561769	-0.943885	-1.664580	149.829230
45	2000.000000	339.691272	5724.557866	294009.807832	0.059511	2.566050	147.269900
46	2000.000000	6518.711797	3961.381981	297935.244088	2.917644	1.870980	149.322800
47	2000.000000	776.803774	-8734.546286	303325.097128	0.127024	-4.065920	151.750890
48	2000.000000	-2676.739441	3118.254766	302876.821800	-1.090088	1.387210	151.458320
49	2000.000000	41.893425	-5640.583746	298938.983842	-0.037643	-2.561860	148.726660
50	2000.000000	774.110417	4637.091126	295988.681660	0.170072	2.197770	148.592700
51	2000.000000	-807.037336	3228.103041	302240.955917	-0.222183	1.605490	151.114790
52	2000.000000	-3014.470467	7673.976868	293732.831944	-1.078431	3.548260	146.898270
53	2000.000000	-128.454474	1807.893262	304301.066506	-0.060897	0.789060	152.239530
54	2000.000000	162.196342	-930.624587	303125.580664	0.108393	-0.494670	150.689480
55	2000.000000	-874.849913	1387.891238	303012.890317	-0.189081	0.690880	152.120960
56	2000.000000	-111.195078	2792.046139	301556.398723	-0.034614	1.286050	150.300400
57	2000.000000	203.182308	1666.435383	299101.263953	0.063294	0.641530	149.675950
58	2000.000000	-3341.272920	5212.101018	296231.643311	-1.298676	2.269190	148.679300
59	2000.000000	-72.255883	4704.208430	299404.532326	-0.015618	2.191100	150.066230
60	2000.000000	-194.999692	4281.658930	307780.376966	-0.113835	2.059110	153.601610
61	2000.000000	-340.164823	160.721602	299232.002444	-0.127075	0.086640	149.696120
62	2000.000000	1828.242316	-1542.222269	299902.565921	0.614340	-0.819160	149.202960
63	2000.000000	1103.561252	-5951.863678	290505.501704	0.222248	-2.630040	146.064110
64	2000.000000	-257.503786	6699.096376	294429.000209	-0.115399	2.932020	147.586730
65	2000.000000	-6877.281321	3184.301331	304315.506366	-3.091058	1.382920	152.230200
66	2000.000000	322.864241	-3083.145118	302765.209261	0.160003	-1.411410	151.142970
67	2000.000000	103.266240	-4558.405538	303169.363366	0.037381	-1.958900	152.370950
68	2000.000000	603.649074	68.035067	304534.430860	0.131662	0.156550	152.474580
69	2000.000000	391.218485	-1578.253489	295099.781224	0.142133	-0.620530	147.752910
70	2000.000000	1184.101102	-2900.525929	294774.253610	0.213873	-1.343110	147.827840
71	2000.000000	1955.164816	-4339.508069	301887.037436	0.566694	-1.981540	151.701830
72	2000.000000	702.770413	181.996947	301559.003412	0.204555	-0.018220	150.523100
73	2000.000000	625.349128	10455.301786	302153.094919	0.206078	4.836390	151.618580
74	2000.000000	268.337721	840.810374	296711.952643	0.025001	0.458560	148.250300
75	2000.000000	5659.980189	-7034.752017	300197.307798	2.554249	-3.187670	150.238820
76	2000.000000	1021.061721	-4150.321132	296197.082803	0.396158	-1.923480	147.863740
77	2000.000000	919.636552	4979.697388	308933.611316	0.218549	2.359020	154.924920
78	2000.000000	-174.942217	1950.679981	300017.363964	-0.040143	0.742760	150.823400
79	2000.000000	14.709538	42.126832	304083.379806	0.001115	0.041720	151.945880
80	2000.000000	3029.568023	-7268.321427	300891.123862	1.217996	-3.296020	150.069260
81	2000.000000	-821.602714	-889.224383	299444.456712	-0.181468	-0.438540	148.798230
82	2000.000000	-1491.066386	409.000569	301999.738947	-0.550076	0.156390	150.404900
83	2000.000000	-2326.046563	-5258.117347	297020.775742	-0.731259	-2.401710	149.184670
84	2000.000000	-1445.977555	5094.197097	308273.214616	-0.553786	2.245230	154.773590
85	2000.000000	1948.989384	4610.145360	305175.895863	0.748120	2.005720	152.068830
86	2000.000000	82.489795	3322.294191	299511.153223	-0.044997	1.449670	150.041220
87	2000.000000	-1349.996691	-5376.277266	294781.385393	-0.353199	-2.496830	146.947120
88	2000.000000	424.126722	3030.479406	293713.882810	0.049514	1.363820	146.912040
89	2000.000000	-480.010651	8071.064858	302514.671256	-0.032586	3.617710	152.150400
90	2000.000000	-447.326040	-3923.937666	298654.891951	-0.069665	-1.906880	150.152860
91	2000.000000	471.965657	2909.756176	301350.748919	0.055393	1.261400	150.701260
92	2000.000000	1068.854591	2831.084940	307527.134806	0.226338	1.216740	153.715890
93	2000.000000	-965.102704	-1207.394929	294538.673624	-0.210602	-0.624540	147.687220
94	2000.000000	-7659.782706	-11061.214477	300901.852628	-3.430709	-4.970620	150.714920
95	2000.000000	597.947782	-10008.997260	297222.751781	0.140987	-4.595480	149.026510
96	2000.000000	58.723021	1837.604116	299326.858899	-0.044050	0.774200	150.289930
97	2000.000000	-809.921696	-1386.959468	296562.301923	-0.278549	-0.590480	148.616040
98	2000.000000	-147.088667	-655.348392	294520.328733	-0.015111	-0.203730	147.893210
99	2000.000000	472.519487	1292.643448	296876.398388	0.134363	0.480470	148.519810
100	2000.000000	649.543295	-2039.701258	302391.950897	0.102215	-1.004890	150.896730
101	2000.000000	-2788.268104	947.286199	297432.134382	-0.948220	0.346200	149.122260
102	2000.000000	169.932825	-4877.921977	300266.490749	0.071749	-2.146330	149.652800
103	2000.000000	402.376767	5891.570916	308983.442527	0.110435	2.740180	153.842820
104	2000.000000	1182.533094	-8571.441456	296792.674513	0.332041	-3.883730	148.845790
105	2000.000000	1444.866984	617.873906	301695.295889	0.407068	0.341200	150.475110
106	2000.000000	2006.288103	8063.802966	297420.118833	0.731029	3.674220	148.013440
107	2000.000000	-1265.273190	6724.472381	298944.260259	-0.411423	3.108580	148.972130
108	2000.000000	-724.040520	11390.914257	296482.375872	-0.332520	5.273990	147.459320
109	2000.000000	800.628409	-499.748836	300132.816158	0.114489	-0.251110	150.393880
110	2000.000000	-296.825095	-5351.737518	310139.154446	-0.140949	-2.485450	155.173060
111	2000.000000	-630.855995	-9706.181659	298326.618914	-0.154197	-4.434650	148.603860
112	2000.000000	-708.162348	-7924.332353	296649.221683	-0.167842	-3.467940	147.806350
113	2000.000000	35.587254	4844.775536	299436.811888	-0.050927	2.213960	150.681960
114	2000.000000	1030.429722	-250.661057	297662.239173	0.331023	-0.097610	148.796070
115	2000.000000	-1315.961152	-5138.620267	296697.852780	-0.384470	-2.335770	149.186350
116	2000.000000	-1196.181509	5539.911216	297068.328041	-0.501022	2.477870	147.596010
117	2000.000000	4115.607390	-5355.473436	298463.837129	1.645042	-2.368720	149.039770
118	2000.000000	688.813768	1717.741597	299190.640489	0.269710	0.797000	149.960760
119	2000.000000	2021.003933	-6355.861797	299545.110930	0.561160	-2.989690	150.425110
120	2000.000000	10655.527375	969.779597	297154.591212	4.851164	0.447570	147.879980
121	2000.000000	-322.708950	4257.907649	292248.647311	-0.140908	1.880820	146.928550
122	2000.000000	175.537511	2786.835102	294567.352256	0.055506	1.409450	148.050610
123	2000.000000	-739.091634	3497.511180	305685.476037	-0.217955	1.736100	151.875890
124	2000.000000	435.600612	3543.787640	296082.514314	0.175498	1.606400	148.104590
125	2000.000000	2995.888765	-2736.742037	301561.945308	1.144970	-1.276140	149.999200
126	2000.000000	-1957.469065	8879.047186	301598.528889	-0.561889	4.139490	151.129110
127	2000.000000	-190.067000	2664.717413	298333.626342	-0.003909	1.326380	149.627330
128	2000.000000	152.719599	4655.571609	309352.343116	0.036933	2.198720	153.883420
129	2000.000000	-659.176513	-4797.345067	297677.121444	-0.137712	-2.044270	148.711370
130	2000.000000	1035.394930	-1356.511432	296937.129009	0.253465	-0.515650	149.050370
131	2000.000000	-618.114734	-532.502260	308300.667376	-0.172456	-0.397500	154.675090
132	2000.000000	7.571432	-482.888160	298507.259724	0.041626	-0.189940	150.164630
133	2000.000000	420.764186	6934.526646	294412.755813	0.142768	3.275590	147.561840
134	2000.000000	-4210.419940	2433.302422	299410.198807	-1.806581	1.037410	150.501460
135	2000.000000	-206.998732	-5263.528026	299211.179031	0.015088	-2.302130	149.812100
136	2000.000000	820.079047	4490.569516	306310.892287	0.174627	1.912590	153.245460
137	2000.000000	98.164430	-4212.950527	299063.106484	0.093931	-1.926370	148.699900
138	2000.000000	3493.657964	-6790.367349	301265.733918	1.372982	-2.981590	150.367180
139	2000.000000	-402.514680	-1333.101133	300455.591980	-0.048780	-0.563360	150.553530
140	2000.000000	-790.130842	-1671.005559	304704.256436	-0.233803	-0.915030	152.081140
141	2000.000000	-627.993953	3016.808067	302708.244762	-0.235210	1.430850	150.650950
142	2000.000000	2707.728908	-2792.289707	294431.159704	0.915623	-1.174310	147.114550
143	2000.000000	-1271.268536	-4895.514089	292086.800380	-0.254758	-2.217010	147.002580
144	2000.000000	698.018339	-541.529901	302552.087056	0.172056	-0.390180	152.100650
145	2000.000000	726.135838	-1706.302190	294295.839674	0.075471	-0.767450	148.029920
146	2000.000000	-289.834931	129.260569	300218.549747	-0.037901	0.142490	150.577610
147	2000.000000	2359.150079	-2345.522519	299956.498900	0.789608	-0.960200	150.390780
148	2000.000000	1615.469365	2300.193837	306437.125327	0.670788	0.980060	152.494880
149	2000.000000	821.064375	-3018.961508	299061.984854	0.338886	-1.337420	148.892180
150	2000.000000	1641.832681	-8243.924837	299842.024469	0.574653	-3.771420	149.787470
151	2000.000000	1327.233214	-1921.931893	297126.690432	0.493246	-0.959360	148.011130
152	2000.000000	331.000448	-2775.026690	303358.984927	0.028080	-1.214820	150.707230
153	2000.000000	-204.262378	-3315.732899	302653.738047	-0.057764	-1.397630	151.109830
154	2000.000000	635.414375	-2508.700321	305670.108117	0.189670	-1.008580	153.549370
155	2000.000000	343.596802	1325.105998	299218.010754	0.126289	0.681420	149.748710
156	2000.000000	5636.011461	-563.154319	304666.388188	2.531770	-0.306390	151.962280
157	2000.000000	-495.550056	-2673.853999	297501.598512	-0.087746	-1.161200	149.422630
158	2000.000000	-2374.067391	-6651.916609	309229.765996	-0.900018	-2.923850	153.884640
159	2000.000000	-135.821304	-6759.361810	305525.362424	0.001995	-3.002000	152.737680
160	2000.000000	1166.716391	-2198.987952	299053.942994	0.291090	-1.089030	149.381500
161	2000.000000	-925.669082	1295.300418	307129.594897	-0.338873	0.587000	152.689110
162	2000.000000	-488.623293	3105.140100	292574.242584	-0.129509	1.374500	146.459380
163	2000.000000	-99.211388	2682.581840	297193.920637	-0.017178	1.377460	148.689190
164	2000.000000	-256.165572	-4251.877906	300939.293957	-0.071797	-1.886710	151.268240
165	2000.000000	-88.902204	-1571.106543	304359.735196	0.032204	-0.808260	152.639340
166	2000.000000	-142.418257	-9039.321468	296150.405924	0.016504	-4.089540	147.706350
167	2000.000000	-584.005829	7576.779276	304661.828008	-0.207386	3.567940	152.045950
168	2000.000000	83.531826	-6559.774266	295095.717142	0.057705	-3.044360	147.720240
169	2000.000000	-653.215793	3390.079796	301141.236727	-0.242164	1.527000	151.143880
170	2000.000000	1119.773425	-266.215328	295125.172894	0.224904	-0.137260	147.310900
171	2000.000000	1082.303166	30.272230	300639.227457	0.325578	-0.030620	150.266390
172	2000.000000	125.938013	6693.518506	296645.167323	0.036324	2.926140	148.069180
173	2000.000000	790.194959	-2446.031776	305332.690457	0.282215	-1.006570	151.822990
174	2000.000000	-531.227817	2960.201537	308132.305627	-0.164755	1.497700	153.777290
175	2000.000000	-3161.759402	1582.386111	297453.948424	-1.061408	0.758120	148.817590
176	2000.000000	-1687.169187	761.226222	299588.426989	-0.468229	0.294120	149.250500
177	2000.000000	8.936056	-3581.525387	304225.261367	0.073586	-1.526710	151.591650
178	2000.000000	49.317216	-1774.061323	304845.913456	-0.015319	-0.699660	152.773030
179	2000.000000	5125.876064	6458.775547	299383.681703	2.156519	3.002040	149.457510
180	2000.000000	8283.323779	-3996.146776	300183.157340	3.853405	-1.795410	149.270820
181	2000.000000	-405.747756	1889.474268	293126.248312	-0.028153	0.841370	146.722130
182	2000.000000	-499.754033	2683.142930	304353.455876	-0.137486	1.186920	151.813290
183	2000.000000	-611.159164	-104.893719	292486.272924	-0.066978	-0.125600	146.867280
184	2000.000000	-474.921394	4939.335337	297030.396947	-0.079538	2.316070	148.679630
185	2000.000000	-563.427049	7398.873047	297128.477399	-0.129693	3.347530	149.178920
186	2000.000000	176.059442	-189.145066	299204.229460	0.047082	-0.244270	149.621960
187	2000.000000	-288.000241	-1519.455148	299539.467396	-0.030825	-0.686580	150.492240
188	2000.000000	1890.379804	-2745.962439	300822.976050	0.597452	-1.234670	150.533690
189	2000.000000	194.830540	2580.524697	296220.815773	0.086190	1.092470	147.927510
190	2000.000000	248.236377	978.678412	294446.064374	-0.011147	0.399990	146.666860
191	2000.000000	-196.490925	5878.966068	299362.453816	-0.029998	2.616740	150.030290
192	2000.000000	-435.225299	3890.859541	306010.509537	-0.128147	1.681660	152.398550
193	2000.000000	-1098.104241	641.370801	295128.216964	-0.279625	0.291720	147.457170
194	2000.000000	-606.737684	1104.275140	306753.635476	-0.082330	0.489290	152.554930
195	2000.000000	-433.146988	1500.009329	309988.518607	-0.072016	0.752760	154.132320
196	2000.000000	-85.015106	3755.323086	307714.332013	-0.059962	1.676190	153.484590
197	2000.000000	4651.812173	972.382031	293264.719084	1.869793	0.346860	146.344340
198	2000.000000	-1963.977541	787.816670	304408.456386	-0.582755	0.414480	151.739510
199	2000.000000	-188.040300	-2956.147337	301846.217352	-0.096697	-1.293410	150.804250
200	2000.000000	199.725319	-696.553432	299661.670353	-0.010543	-0.386040	148.942840
201	2000.000000	-104.763401	-2936.679096	297384.720558	0.027525	-1.392030	149.384870
202	2000.000000	354.213856	-1537.421511	302165.110037	0.096572	-0.605280	151.492250
203	2000.000000	-2.157872	-4051.436076	303254.613367	-0.015363	-1.867530	152.536300
204	2000.000000	-144.435900	2201.272258	294525.753314	-0.033105	1.145010	147.232120
205	2000.000000	-1589.069580	4967.520109	305980.071076	-0.514808	2.185390	152.099510
206	2000.000000	-303.247932	7416.332486	303363.250983	-0.091890	3.482190	150.985680
207	2000.000000	457.356775	637.210044	300716.009590	0.181083	0.280420	150.989620
208	2000.000000	461.589409	-7007.489036	298589.123262	0.112432	-3.094260	148.752010
209	2000.000000	-7965.083114	-3423.135321	301882.328509	-3.537192	-1.622470	150.320650
210	2000.000000	417.183954	-9934.749918	300686.470580	0.166522	-4.547160	149.808870
211	2000.000000	-156.599885	3003.950046	304041.937039	-0.018470	1.451080	151.175750
212	2000.000000	-844.920971	-6703.313867	287904.995434	-0.201102	-3.158750	144.317660
213	2000.000000	-4605.908351	-7582.821050	297730.055226	-1.945992	-3.493720	147.983220
214	2000.000000	1424.682210	-1832.408362	292980.652330	0.272804	-0.850470	147.476350
215	2000.000000	-579.319547	-4771.944729	300979.157426	-0.065345	-2.195280	151.161690
216	2000.000000	482.216007	5456.911976	299771.893250	0.048437	2.533980	150.773160
217	2000.000000	-3496.153772	-3517.815466	295655.427642	-1.420915	-1.542700	148.653900
218	2000.000000	597.516112	-2756.091500	303170.672327	0.175393	-1.251150	151.039880
219	2000.000000	-483.342757	-7496.817437	300735.506171	-0.106237	-3.361980	150.490320
220	2000.000000	438.811834	3365.186036	296493.334031	0.116224	1.665940	148.445180
221	2000.000000	418.482273	-5473.966896	293953.687052	0.121530	-2.388560	146.663430
222	2000.000000	569.029809	-5709.648129	292268.686288	0.059731	-2.619730	147.058920
223	2000.000000	-211.644449	6697.330466	301638.380337	-0.032485	3.139800	151.044180
224	2000.000000	603.614679	2664.638104	303008.377139	0.158151	1.296720	151.389860
225	2000.000000	989.888782	-48.245709	297690.529354	0.348949	0.053480	148.320400
226	2000.000000	-842.148242	4920.138867	299452.192057	-0.162497	2.131080	150.340690
227	2000.000000	-9407.609110	2221.342391	305983.830658	-4.145979	0.885250	152.696520
228	2000.000000	-157.033984	-1995.848768	305907.231181	-0.106558	-0.835040	152.040480
229	2000.000000	-292.230904	2077.606819	295834.992554	-0.148805	0.928080	147.014860
230	2000.000000	-1293.800709	-114.745589	303930.653766	-0.387461	-0.107500	151.043390
231	2000.000000	-39.942305	7368.239606	299567.145971	-0.043867	3.403880	150.454020
232	2000.000000	54.345335	-4809.842216	300966.503900	-0.057946	-2.219610	149.750070
233	2000.000000	-6194.427797	5777.112756	305723.422808	-2.716854	2.644870	152.398910
234	2000.000000	600.142165	-3252.864656	304414.933080	0.126614	-1.485330	152.785900
235	2000.000000	597.877890	3222.606537	297494.786943	0.052548	1.434560	149.593070
236	2000.000000	-171.601024	-3894.656796	298017.548390	0.027538	-1.690790	149.260090
237	2000.000000	627.836314	2570.411067	294393.284863	0.103356	1.068480	147.188090
238	2000.000000	560.677738	-2561.674389	309083.510046	0.185209	-1.331610	153.590790
239	2000.000000	502.256512	3980.019616	304444.522122	0.254575	1.869630	151.393220
240	2000.000000	524.736604	4095.126670	298548.557483	0.118670	1.866900	149.472320
241	2000.000000	236.539819	-7641.227636	297121.809780	0.091578	-3.533480	148.946390
242	2000.000000	890.540024	3955.937296	301679.220229	0.194480	1.736320	150.014190
243	2000.000000	-1117.079071	5352.687979	299279.560571	-0.390714	2.504030	149.433840
244	2000.000000	844.820751	-3218.157336	302288.987948	0.178447	-1.484000	151.203590
245	2000.000000	-1397.484644	-3008.717370	306500.182857	-0.461972	-1.366210	153.613730
246	2000.000000	-730.816601	-750.250693	303818.986334	-0.209990	-0.291590	152.343640
247	2000.000000	-5142.052784	-7722.172208	296553.047284	-2.130292	-3.601160	147.473590
248	2000.000000	-311.746974	-1988.686882	304135.980476	-0.112894	-1.022930	152.976340
249	2000.000000	9625.885386	120.804779	304774.499310	4.358691	0.099240	152.502580
250	2000.000000	-2191.383262	-1753.125680	298320.236292	-0.791919	-0.692680	148.994190
251	2000.000000	704.681113	-4070.195548	301976.167868	0.311682	-1.833350	150.377030
252	2000.000000	-528.526031	861.262177	304223.963158	-0.116108	0.384160	151.558600
253	2000.000000	1057.932608	4296.368589	290390.226834	0.180857	1.979630	145.839670
254	2000.000000	214.159070	-25.687798	298075.581996	-0.020671	-0.039290	149.572700
255	2000.000000	-24.792178	2027.464986	300442.463188	0.062533	0.987620	150.198470
256	2000.000000	399.383772	-6432.533026	298906.607721	0.016458	-2.933430	149.644450
257	2000.000000	242.819579	780.798696	299827.199490	0.097835	0.473790	149.778680
258	2000.000000	11344.539234	-1197.591809	302087.529459	5.035824	-0.503360	150.562980
259	2000.000000	-3220.778539	2811.884069	299012.300971	-1.368734	1.391720	148.675460
260	2000.000000	4430.108002	7283.095578	300990.990449	1.824564	3.478850	149.621140
261	2000.000000	502.485788	-9475.900496	303357.863329	0.082330	-4.251330	151.307970
262	2000.000000	59.068986	8281.741617	302900.104480	0.060030	3.891880	151.865820
263	2000.000000	-37.772994	978.754793	293660.349813	-0.034945	0.512100	147.782400
264	2000.000000	2141.031717	5058.676658	299758.823187	0.804839	2.394760	149.964820
265	2000.000000	6550.371045	-6308.881106	307719.316547	2.839641	-2.950710	153.633930
266	2000.000000	814.450312	-1230.127692	298551.033164	0.294431	-0.507430	148.309010
267	2000.000000	-1356.229538	3419.256197	296113.090331	-0.568170	1.549570	147.365680
268	2000.000000	454.832736	1289.225741	302188.472376	0.060130	0.470170	151.110620
269	2000.000000	975.825726	-1951.772719	294038.620593	0.289024	-0.915350	147.133960
270	2000.000000	489.614441	5652.040786	298225.570228	0.045445	2.519460	149.092050
271	2000.000000	213.715172	523.655082	303455.683306	0.016202	0.298190	152.706470
272	2000.000000	-158.714202	3754.209489	295272.848024	-0.058457	1.626710	148.395060
273	2000.000000	240.696882	-1554.362748	306233.534586	0.001279	-0.773360	152.759200
274	2000.000000	-396.139216	1392.506636	304913.685931	-0.129312	0.710740	152.479930
275	2000.000000	576.368101	-3563.400997	306495.297518	0.136736	-1.475950	153.608890
276	2000.000000	3735.553372	5263.676886	305919.300510	1.514898	2.348920	153.674230
277	2000.000000	-1184.940883	1413.710561	296987.885514	-0.407299	0.702430	147.744980
278	2000.000000	-961.901880	-3079.615057	298403.768629	-0.392386	-1.402310	148.553900
279	2000.000000	541.246374	230.099587	293053.664343	0.107214	0.227560	147.184460
280	2000.000000	85.180441	3119.958859	305716.911126	0.081560	1.445360	152.161860
281	2000.000000	3998.586275	-175.341868	303617.645200	1.633904	-0.045460	152.070350
282	2000.000000	-87.657683	-775.854389	304553.535091	-0.020338	-0.336590	151.551520
283	2000.000000	-894.081410	-382.330920	299265.202302	-0.263094	-0.110320	150.394610
284	2000.000000	227.852038	-1499.532828	302454.504306	-0.013148	-0.624840	151.436310
285	2000.000000	-328.146693	-746.011150	292835.885734	-0.007354	-0.349310	146.857740
286	2000.000000	1210.313566	-6339.064008	303685.633606	0.298633	-2.869400	151.252280
287	2000.000000	527.440669	-11401.443467	303044.702349	0.134459	-5.030840	152.162970
288	2000.000000	5843.767597	-2637.378894	307407.782279	2.434882	-1.222650	152.860490
289	2000.000000	-748.683717	-7162.849318	301646.292193	-0.162973	-3.375620	149.908430
290	2000.000000	268.762676	-3888.966513	295773.756423	0.111465	-1.670960	148.477370
291	2000.000000	119.474805	6006.450166	297449.557300	0.032546	2.738010	149.037170
292	2000.000000	901.113206	-2130.158646	298470.831179	0.145391	-0.921210	149.992930
293	2000.000000	-1228.767719	6584.751326	302740.573029	-0.388877	2.944710	151.609220
294	2000.000000	-5015.904769	1407.984912	297051.196913	-2.197842	0.632780	148.625410
295	2000.000000	-6439.057095	-1177.223508	300686.504277	-2.832239	-0.516460	150.308120
296	2000.000000	-73.125887	-2968.453719	302798.058429	-0.024390	-1.239110	150.949780
297	2000.000000	2968.082555	-1795.801941	299601.458362	1.111710	-0.695830	149.256270
298	2000.000000	125.478976	4900.029167	301197.289939	0.040705	2.296310	150.008630
299	2000.000000	-396.002271	2511.438401	309177.523096	-0.024820	1.070880	155.418810
300	2000.000000	2776.376493	-717.128308	310559.091011	0.957225	-0.298500	154.928280
301	2000.000000	-1223.420529	4066.211718	301995.534034	-0.290885	1.891050	150.870510
302	2000.000000	-20.346960	-2795.727127	293127.441854	0.031574	-1.272990	147.494690
303	2000.000000	-518.988246	-557.191131	302457.710466	-0.082972	-0.278070	151.818980
304	2000.000000	176.040619	6831.340537	291926.926304	0.032835	3.217560	146.905260
305	2000.000000	-360.218906	122.214373	302590.543206	-0.180649	0.043140	151.137990
306	2000.000000	1462.518083	149.450710	298815.296962	0.409951	-0.000960	149.392700
307	2000.000000	-875.981193	-9178.105406	294924.339881	-0.129095	-4.105020	148.051320
308	2000.000000	6722.916369	1607.531686	293209.668251	2.924210	0.665370	147.010260
309	2000.000000	413.546355	-3696.528308	303110.113346	0.138491	-1.614060	151.131510
310	2000.000000	-268.646805	519.750068	296464.585124	-0.054827	0.379690	147.579390
311	2000.000000	-825.023567	3801.220669	303808.457236	-0.241632	1.795490	151.913710
312	2000.000000	287.244613	272.201393	299047.122873	0.060267	0.045520	150.498340
313	2000.000000	-772.711029	-2135.659047	300615.827090	-0.105272	-0.951230	150.531090
314	2000.000000	607.856098	674.744136	302522.113808	0.114985	0.335120	151.069100
315	2000.000000	93.656849	-4648.305517	299643.197023	-0.006671	-2.244820	148.853360
316	2000.000000	253.903525	-679.538543	298573.114471	-0.019517	-0.294530	148.532760
317	2000.000000	-324.360852	3330.213627	298515.126770	-0.120798	1.419140	148.555500
318	2000.000000	102.661217	3046.246191	297038.614367	-0.022329	1.270420	149.050340
319	2000.000000	-1725.904071	9594.253266	294373.958332	-0.635680	4.348930	147.029340
320	2000.000000	525.492039	4433.659352	301247.532036	0.048605	1.992730	151.596420
321	2000.000000	707.786656	1370.399681	293198.257794	0.194816	0.658610	147.191630
322	2000.000000	65.457894	-6141.816037	302828.702836	0.081765	-2.712790	150.855730
323	2000.000000	-815.838741	8549.693066	293613.499542	-0.233475	3.979820	146.515870
324	2000.000000	-224.513820	-1746.098447	304254.811996	-0.028713	-0.642100	152.811630
325	2000.000000	38.495034	-5570.572059	295016.041484	-0.044013	-2.490030	147.446000
326	2000.000000	-653.678111	2801.155388	309571.777466	-0.127764	1.209310	154.648630
327	2000.000000	555.526902	-3043.125947	304034.650403	0.122277	-1.287530	151.928300
328	2000.000000	302.181908	3218.072337	302659.789690	0.018442	1.397270	151.665610
329	2000.000000	-756.499793	-1073.044958	297111.030274	-0.231463	-0.496510	147.959140
330	2000.000000	-1319.305504	-2964.884489	302618.707227	-0.338579	-1.403550	150.379960
331	2000.000000	643.420828	-7446.879847	298984.980422	0.109306	-3.387210	149.492710
332	2000.000000	617.170106	-2968.995973	295029.733783	0.110545	-1.342710	147.894610
333	2000.000000	739.370615	5376.897796	299954.945727	0.101747	2.454390	150.570900
334	2000.000000	889.938069	-450.278418	291701.962684	0.163555	-0.145510	146.640000
335	2000.000000	-1196.639299	3013.864989	310251.660177	-0.361002	1.463330	154.561300
336	2000.000000	157.651872	5703.433999	300113.465024	0.075852	2.465600	149.957470
337	2000.000000	9938.282671	-4694.815847	299833.201900	4.524813	-2.111930	150.578460
338	2000.000000	966.920025	5481.548626	304890.655929	0.369270	2.566990	152.010960
339	2000.000000	-248.099565	704.675633	300586.316463	-0.076653	0.272020	149.637840
340	2000.000000	267.145578	1123.222938	299557.034469	0.056579	0.642240	149.865600
341	2000.000000	3067.377800	1058.287740	299461.583900	1.182547	0.579790	150.187440
342	2000.000000	1348.175639	2821.073088	301331.759269	0.434039	1.239920	150.466040
343	2000.000000	-2861.421044	-1760.650588	302219.167680	-1.238790	-0.902910	150.176180
344	2000.000000	1193.448558	-2934.728830	301056.461029	0.329663	-1.329950	150.957620
345	2000.000000	436.637649	-4803.154279	290558.282254	0.157118	-2.109190	145.693560
346	2000.000000	1179.852685	6689.487037	304652.617656	0.467753	3.106490	151.451470
347	2000.000000	70.222299	-7813.424056	302452.771930	0.016642	-3.409680	152.063470
348	2000.000000	158.129906	5600.863046	297934.390252	0.010100	2.451110	149.158300
349	2000.000000	-538.141251	-1343.370966	292175.788492	-0.129153	-0.691430	146.974530
350	2000.000000	28.721193	-9752.749676	299631.067957	0.081708	-4.425150	150.308060
351	2000.000000	23.180936	-327.136444	295898.521782	-0.031023	-0.013870	148.238510
352	2000.000000	1.998152	-1573.508259	290510.174373	0.001638	-0.570740	145.596890
353	2000.000000	-1335.302931	-2619.178019	296292.726707	-0.333387	-1.184690	148.720970
354	2000.000000	1625.496568	-7849.844867	301929.638427	0.614756	-3.500780	150.999860
355	2000.000000	133.756031	2881.005206	302582.937759	0.014988	1.364790	152.040660
356	2000.000000	458.725196	5166.593506	303072.397901	0.049956	2.272170	151.758610
357	2000.000000	-430.989773	-7796.739216	294996.931742	-0.060254	-3.423540	148.265050
358	2000.000000	126.760764	1656.231477	298330.149529	0.053547	0.762900	149.609800
359	2000.000000	1059.904048	-2116.413097	304241.648536	0.256010	-0.953120	151.505590
360	2000.000000	-541.514470	2831.949867	303989.577338	-0.058805	1.327830	152.637020
361	2000.000000	-212.597107	-1417.571038	296993.485213	-0.034478	-0.496220	148.503510
362	2000.000000	-1098.282359	1429.595199	305976.251866	-0.397986	0.660170	152.626320
363	2000.000000	-554.571879	5614.598128	297436.200434	-0.234400	2.572650	148.983770
364	2000.000000	735.719287	3041.201231	304809.877246	0.103161	1.320390	153.125850
365	2000.000000	321.772810	12568.992986	298183.776584	0.029571	5.629860	148.780030
366	2000.000000	-7388.249645	-7330.796397	298764.593950	-3.176294	-3.253330	149.523730
367	2000.000000	-601.335862	479.993606	300660.262708	-0.123555	0.223570	151.116630
368	2000.000000	-1237.456363	866.537240	306158.843718	-0.386262	0.335720	152.393150
369	2000.000000	47.267853	-873.347280	290835.827274	0.056729	-0.318670	146.271220
370	2000.000000	-473.171134	4205.967266	296310.788647	-0.077294	1.781910	147.719290
371	2000.000000	-1168.717651	710.702682	298115.769977	-0.359413	0.379970	149.524900
372	2000.000000	2827.478549	-11111.265856	299754.539290	1.192365	-5.056580	149.902880
373	2000.000000	-553.923883	-681.090164	300557.763670	-0.139780	-0.264370	149.430650
374	2000.000000	-258.545038	1705.230299	294393.592703	-0.021574	0.805740	146.502490
375	2000.000000	-24.773933	6649.387929	308686.164157	0.051895	3.100180	154.648120
376	2000.000000	-503.749238	-4400.196956	301166.947583	-0.114983	-1.847560	151.023590
377	2000.000000	227.803259	-8053.313887	301021.351412	0.065025	-3.676800	150.142000
378	2000.000000	-20.653862	1071.171846	302634.707089	0.022670	0.435830	151.085630
379	2000.000000	223.625079	5289.774389	290979.819394	0.021874	2.388330	146.333780
380	2000.000000	-362.165561	-3926.665426	298797.213267	-0.016255	-1.713270	150.336430
381	2000.000000	-2741.382311	-5201.732739	301677.983969	-1.051225	-2.411940	151.124560
382	2000.000000	220.023366	-1412.997713	306648.420577	0.045015	-0.525060	152.987320
383	2000.000000	4205.939431	2873.658758	309380.887488	1.834412	1.444770	154.505180
384	2000.000000	-9714.864422	-4670.258818	306109.836341	-4.259800	-2.036430	153.090640
385	2000.000000	-772.971626	9883.975626	295983.420233	-0.236744	4.520630	147.432280
386	2000.000000	616.438029	-6523.588646	296765.044719	0.178338	-2.840410	148.591250
387	2000.000000	4118.978190	5371.545126	294266.903411	1.703792	2.566650	147.609640
388	2000.000000	2429.809862	-2695.548957	303258.053866	0.790877	-1.165170	151.429420
389	2000.000000	563.805476	5215.939517	300933.103570	0.141875	2.479070	151.227210
390	2000.000000	-551.508245	2366.056471	293568.104113	-0.150809	1.201680	147.396230
391	2000.000000	-1008.866630	-771.672399	305801.581526	-0.202996	-0.421080	153.506950
392	2000.000000	-112.332774	3234.546287	303781.140173	-0.099953	1.596940	150.953160
393	2000.000000	-364.707308	2517.653021	300566.442924	-0.066905	1.256260	150.101460
394	2000.000000	-583.923734	-3357.206827	302930.745458	-0.204594	-1.446740	151.692260
395	2000.000000	1208.702810	8822.042606	304131.208120	0.473261	4.043240	151.633910
396	2000.000000	5495.686185	9029.424020	295567.442224	2.274317	4.091680	147.125390
397	2000.000000	-2879.603873	-5870.327796	299631.450879	-1.200508	-2.655730	149.143700
398	2000.000000	-444.941604	4498.683046	298380.364331	-0.120739	2.087040	148.354420
399	2000.000000	964.344941	-3592.756166	301844.763727	0.267659	-1.629920	151.165630
400	2000.000000	-836.564330	1258.968627	297525.057113	-0.274089	0.507080	148.488900
401	2000.000000	236.857939	5414.389867	294496.407601	-0.011827	2.378310	148.159550
402	2000.000000	-903.419979	-7121.635596	305244.181287	-0.128628	-3.219870	153.425870
403	2000.000000	-62.116799	-5993.775391	302645.171223	-0.006507	-2.620060	151.243060
404	2000.000000	84.786506	-1761.638502	293537.311744	-0.038871	-0.856380	147.406030
405	2000.000000	8.033420	-12071.989456	300087.626988	0.038568	-5.490590	150.134860
406	2000.000000	-336.897132	11851.927297	304305.286889	-0.066449	5.531440	152.686680
407	2000.000000	-2875.742764	1073.316624	300260.973192	-1.069332	0.359760	150.239190
408	2000.000000	-392.123166	-2522.749426	297820.079482	-0.128161	-1.086460	149.590250
409	2000.000000	388.883653	2273.832658	292517.816564	0.047105	0.892650	146.573120
410	2000.000000	1462.274188	-9911.243156	295832.968209	0.337591	-4.486220	148.722710
411	2000.000000	-1366.573318	6448.408976	295068.454490	-0.433432	3.038280	148.070490
412	2000.000000	-114.100200	-3059.148226	295050.368241	-0.098896	-1.437870	146.858060
413	2000.000000	-519.889610	1903.700748	301963.255876	-0.123512	0.889510	150.160420
414	2000.000000	29.238783	-8344.240336	294950.469892	0.050932	-3.706320	147.612420
415	2000.000000	-8820.791762	3829.885216	299239.944738	-3.997986	1.751850	149.947470
416	2000.000000	-108.505859	-777.206108	309402.372776	-0.091555	-0.371370	153.772350
417	2000.000000	752.833003	1895.557089	299403.424264	0.131450	0.832540	148.845320
418	2000.000000	-992.365578	44.862092	298939.099229	-0.316679	-0.068670	149.289930
419	2000.000000	2724.069205	-4187.343118	302333.355898	1.131402	-1.921690	151.124280
420	2000.000000	-143.020356	3842.737517	292715.538994	-0.054167	1.613710	147.203100
421	2000.000000	-911.265705	-2874.148298	306557.381156	-0.316339	-1.269230	153.660520
422	2000.000000	-191.642942	7249.364016	298012.612713	-0.071183	3.161840	149.752130
423	2000.000000	947.430980	1447.899633	301468.911398	0.259584	0.518000	150.969200
424	2000.000000	256.882803	2490.639407	300570.847113	0.110403	1.120910	150.238870
425	2000.000000	-552.936943	1732.514881	301038.275759	-0.101654	0.722430	150.422650
426	2000.000000	465.965872	6430.935707	297985.907182	0.180728	2.964180	149.095370
427	2000.000000	659.535456	-1754.709026	302212.657099	0.159102	-0.944140	150.231040
428	2000.000000	3.180282	-836.696433	298712.450394	0.019548	-0.297960	149.480000
429	2000.000000	4802.904713	5255.950948	306731.267146	1.996887	2.395370	154.014220
430	2000.000000	92.843389	-8267.851086	304363.064061	-0.022897	-3.714450	152.475110
431	2000.000000	-92.549813	-6518.945984	304754.863622	0.024180	-2.950100	152.066300
432	2000.000000	-263.808719	-2902.551484	303210.624312	-0.003703	-1.261970	151.196510
433	2000.000000	3922.148034	-6151.002468	305441.816139	1.470621	-2.712300	152.587390
434	2000.000000	-485.875713	-1324.172473	305340.741781	-0.046894	-0.625950	151.792130
435	2000.000000	193.538519	4056.690017	300432.397343	0.062819	2.005220	149.858320
436	2000.000000	4651.776817	-1484.688048	297118.263301	1.985353	-0.596560	148.356520
437	2000.000000	-934.200699	-9442.959587	297052.165100	-0.282446	-4.305400	148.826540
438	2000.000000	-574.279944	3184.557566	304610.201088	-0.188206	1.310060	151.646950
439	2000.000000	-495.864162	-4180.046507	300577.604932	-0.262059	-1.859360	149.405050
440	2000.000000	1674.985333	-4471.222370	298563.081939	0.565412	-1.979360	150.109240
441	2000.000000	618.113165	3905.922946	304440.228549	0.119545	1.680410	151.605950
442	2000.000000	-151.827605	-4696.042917	295298.553034	-0.023686	-2.270480	147.422520
443	2000.000000	-79.741909	-1654.298964	297044.209127	-0.031262	-0.636680	148.899940
444	2000.000000	1388.183500	1591.510678	298541.419779	0.310681	0.766190	149.544120
445	2000.000000	-567.704530	5038.454676	295783.474492	-0.051312	2.218850	148.809470
446	2000.000000	241.850859	-2823.081597	297878.415060	-0.021000	-1.285880	148.830440
447	2000.000000	-251.174757	-7510.126297	301199.750968	-0.047201	-3.415570	150.329510
448	2000.000000	129.659951	1598.816976	293111.742863	-0.011873	0.809600	146.851450
449	2000.000000	4364.976361	1364.237290	301304.585286	1.805211	0.646390	150.953490
450	2000.000000	-275.790071	-5099.874367	299663.959350	-0.056551	-2.169810	150.698320
451	2000.000000	-2318.925038	-4680.778930	306094.489367	-0.715281	-2.133530	153.903170
452	2000.000000	-1219.635988	-2844.322141	297695.625944	-0.382384	-1.370930	149.279320
453	2000.000000	3060.236525	-5300.617139	296703.365222	1.227751	-2.330420	147.692140
454	2000.000000	465.374665	3521.458046	294806.814979	0.121396	1.514750	148.235870
455	2000.000000	-327.522891	41.796001	303306.795356	-0.033733	-0.001180	152.131430
456	2000.000000	157.331706	1095.987880	294471.279414	-0.039281	0.541550	147.363860
457	2000.000000	3006.266604	7619.985637	303261.681656	1.171660	3.514710	151.458740
458	2000.000000	913.896632	3127.531093	308640.335497	0.232178	1.358370	154.204730
459	2000.000000	2379.137383	-4863.791418	291790.573074	0.688343	-2.210580	146.330160
460	2000.000000	-1509.749233	-1833.337591	300254.870917	-0.527829	-0.955920	149.885830
461	2000.000000	293.249811	-2911.775840	306105.951826	0.057480	-1.330140	153.548220
462	2000.000000	345.152515	-1376.039480	294372.663714	0.129346	-0.630300	147.522570
463	2000.000000	167.604704	5253.410318	302246.246236	-0.000023	2.275780	152.010760
464	2000.000000	375.185525	1348.347031	292061.253124	0.125280	0.660110	146.919360
465	2000.000000	-232.403296	218.334342	293267.466590	-0.103224	0.006830	146.812640
466	2000.000000	-258.662441	-2530.373599	304456.088276	-0.029208	-1.081780	152.038530
467	2000.000000	-1308.270383	4617.545697	295120.133444	-0.272939	2.141690	148.065020
468	2000.000000	4852.183774	-573.294988	308835.783286	2.061087	-0.375720	153.684650
469	2000.000000	-4748.667350	10041.094367	303001.691462	-1.881303	4.515740	150.794300
470	2000.000000	-3857.202631	6077.380403	297222.765243	-1.554955	2.865900	148.589410
471	2000.000000	10383.609109	-863.919138	305504.264648	4.563235	-0.460960	152.191480
472	2000.000000	10980.435430	4744.665648	297838.927504	5.018742	2.043350	148.057600
473	2000.000000	223.800710	1378.374261	302278.989048	0.072887	0.620730	150.885200
474	2000.000000	-266.947467	4064.041599	293225.396614	-0.047488	1.831550	147.267530
475	2000.000000	-973.079341	-2566.050138	305552.336196	-0.205173	-1.119240	152.471040
476	2000.000000	455.779847	-5362.291889	297453.641954	0.144625	-2.523950	148.306090
477	2000.000000	-3674.744645	2262.780097	298745.540278	-1.502906	1.146960	149.952540
478	2000.000000	802.990937	1126.671271	297850.432221	0.158654	0.520750	148.956460
479	2000.000000	412.038006	399.644351	302761.897957	0.093360	0.121120	151.325930
480	2000.000000	-355.290520	-3598.055547	297383.614653	-0.066172	-1.539200	149.433470
481	2000.000000	-631.200780	3640.109747	308143.092946	-0.164699	1.679610	153.979640
482	2000.000000	544.946660	2325.154761	301935.130764	0.260390	1.032780	150.616610
483	2000.000000	3815.602129	-2599.172738	295543.476753	1.680903	-1.279770	146.802310
484	2000.000000	-140.316917	21.903809	303415.551956	0.012718	-0.091170	151.697890
485	2000.000000	35.266824	-4413.851087	301987.148560	-0.031814	-2.009000	151.640600
486	2000.000000	-1362.264422	-1739.933002	303645.170220	-0.476537	-0.868650	151.643120
487	2000.000000	-300.361471	1625.159868	299249.935073	-0.103858	0.680310	149.374620
488	2000.000000	-5007.126492	-3281.294888	294634.267501	-1.985113	-1.551320	147.796090
489	2000.000000	173.453243	4762.447476	301137.277027	0.001444	2.080130	150.531590
490	2000.000000	-371.871791	-3566.381596	301018.692930	-0.026836	-1.573480	150.412060
491	2000.000000	2119.653253	-6173.034679	301774.922579	0.790375	-2.857760	151.574650
492	2000.000000	2376.095221	2146.949007	292443.886724	0.759024	1.038920	146.540330
493	2000.000000	-234.656853	-4462.676576	294671.303959	-0.137895	-2.123260	147.007570
494	2000.000000	-339.448982	-4965.337240	301004.067026	-0.124197	-2.260550	150.704320
495	2000.000000	412.282447	5952.918776	300696.372490	0.050410	2.757780	150.168340
496	2000.000000	3944.692531	3074.777511	305358.658007	1.504492	1.513860	152.684120
497	2000.000000	-3822.300053	6067.478399	303341.372041	-1.656397	2.820950	150.969370
498	2000.000000	-692.515071	465.343623	296000.468994	-0.092779	0.190650	147.688910
499	2000.000000	339.019040	1245.562149	295756.324798	0.073606	0.410030	148.067800
500	2000.000000	-11.144371	-3818.761238	287033.844524	0.040621	-1.752000	143.687390
501	2000.000000	-533.403370	-3006.655290	296190.058467	-0.126273	-1.327460	148.081120
502	2000.000000	-32.099711	-4569.334869	302461.440667	-0.010442	-2.185090	150.775350
503	2000.000000	-635.707955	-2227.373522	297951.818663	-0.289075	-0.954640	148.450070
504	2000.000000	-460.973877	144.261719	304151.131266	-0.126586	0.177380	151.621000
505	2000.000000	-48.763409	288.236800	291554.107704	-0.043026	0.161820	146.051740
506	2000.000000	-288.213064	-1048.604289	295269.341997	-0.089537	-0.353970	148.190680
507	2000.000000	-551.182018	1320.858289	299826.935737	-0.110535	0.509430	150.362420
508	2000.000000	6296.822656	-6135.262267	296365.128302	2.630988	-2.684760	148.003680
509	2000.000000	-4538.472970	-5548.866110	305039.398068	-1.919559	-2.534350	151.927890
510	2000.000000	140.887474	2062.757556	310183.229397	-0.018850	0.911740	154.480050
511	2000.000000	-621.975607	1942.173450	303333.164903	-0.164059	0.836580	152.518330
512	2000.000000	-284.778639	3085.662449	301804.681943	-0.138713	1.307290	150.870950
513	2000.000000	143.454473	-1882.182038	297057.691633	-0.024515	-0.906080	147.784910
514	2000.000000	485.034085	1248.596348	299477.514777	0.059113	0.593420	150.703060
515	2000.000000	-1276.975201	3576.188448	298895.675234	-0.498343	1.743700	148.609470
516	2000.000000	-3233.235447	1007.895751	305480.152916	-1.214201	0.604280	152.575180
517	2000.000000	-1050.879650	-1212.515699	296504.534874	-0.281322	-0.654220	147.674200
518	2000.000000	294.592401	4305.394368	303502.583866	0.029670	1.852150	152.195830
519	2000.000000	-885.091184	-3697.608067	296952.373614	-0.331493	-1.681750	147.649280
520	2000.000000	-297.997617	-1539.617934	293448.812462	-0.081607	-0.753790	147.004960
521	2000.000000	-148.799864	-4518.566286	292116.129942	-0.020819	-2.020610	146.340150
522	2000.000000	-12.944408	1660.727887	298298.572226	0.060699	0.784250	149.568170
523	2000.000000	1226.724971	8178.869997	303184.917957	0.292359	3.623320	151.733970
524	2000.000000	523.313640	1102.776753	306125.052239	0.132023	0.383300	152.759350
525	2000.000000	1454.487379	1609.045639	302142.797323	0.444131	0.695350	150.647210
526	2000.000000	652.421451	7828.169027	305096.668837	0.213836	3.479180	153.025480
527	2000.000000	-187.098172	-1102.039498	290768.579124	0.015895	-0.490710	145.817590
528	2000.000000	808.152889	848.385259	302290.548496	0.204828	0.534690	151.404020
529	2000.000000	5629.842782	1661.632660	303980.281089	2.357330	0.889140	152.185110
530	2000.000000	17.999869	-884.972049	292794.374384	0.007099	-0.294550	147.316840
531	2000.000000	165.777487	-3384.635486	293071.615601	0.001480	-1.605300	147.068440
532	2000.000000	1510.291619	-5207.721979	297211.813987	0.373573	-2.290330	149.269190
533	2000.000000	-2583.623387	-610.171532	302984.662518	-0.963994	-0.281120	150.886960
534	2000.000000	303.267109	1527.401868	296589.052503	0.031827	0.732070	148.949480
535	2000.000000	46.668973	660.274070	305660.985527	-0.020842	0.339430	152.683140
536	2000.000000	-607.582720	-1889.185618	302122.917513	-0.252509	-0.950350	150.503410
537	2000.000000	-1080.877642	4009.079947	303459.757080	-0.313420	1.925290	150.833530
538	2000.000000	-626.031683	-5237.989017	301294.577621	-0.180361	-2.248450	150.033910
539	2000.000000	-908.110217	2745.192036	298686.809021	-0.242071	1.289450	148.706150
540	2000.000000	1712.979442	-2661.664188	309911.479136	0.531718	-1.313490	154.137130
541	2000.000000	381.741222	-7188.195548	301578.566094	0.133756	-3.221910	150.897720
542	2000.000000	4763.686372	851.396577	302415.114240	2.130308	0.379860	151.159550
543	2000.000000	-152.467345	9869.972106	299863.010781	-0.046470	4.402090	150.226160
544	2000.000000	4667.689748	-1620.321706	300702.758341	1.867560	-0.776380	149.438000
545	2000.000000	-4890.205558	1269.656149	306911.422507	-2.019654	0.682900	154.233590
546	2000.000000	-292.132009	494.798411	307384.691013	-0.072186	0.312770	153.053100
547	2000.000000	-728.209971	3981.689859	294842.151444	-0.137372	1.677030	147.399030
548	2000.000000	-640.941879	-143.633547	298367.978647	-0.180300	-0.031110	149.562200
549	2000.000000	-20.777603	-4301.209947	300254.052940	-0.068701	-1.915000	149.355410
550	2000.000000	5200.143082	-9528.244718	296533.868211	2.267500	-4.231230	148.587620
551	2000.000000	278.125078	4960.099896	304523.603598	0.043092	2.213900	151.476920
552	2000.000000	-1266.829150	-11072.125746	300091.796311	-0.467667	-5.031400	149.230090
553	2000.000000	-283.380896	-6374.594413	302441.282008	-0.029774	-2.925360	150.438170
554	2000.000000	-1416.602156	4742.228476	297811.511431	-0.483874	2.160090	149.694640
555	2000.000000	-2491.229628	-309.846398	307971.812726	-1.020644	-0.065910	153.038970
556	2000.000000	150.947660	-3464.139489	294983.899544	0.046830	-1.462790	147.557860
557	2000.000000	647.274355	4405.117376	287448.738743	0.068329	2.021120	144.335870
558	2000.000000	2428.733226	-189.507939	300164.772526	1.015205	-0.030590	149.989880
559	2000.000000	-395.612385	5725.338657	294399.610383	-0.115532	2.517340	147.200590
560	2000.000000	-397.647131	-1870.008437	303467.102266	-0.051988	-0.750030	151.858200
561	2000.000000	2616.907375	3127.071438	300255.643622	1.028811	1.465610	150.328950
562	2000.000000	34.113895	-1764.084537	306062.370097	0.060972	-0.902660	153.169960
563	2000.000000	295.757442	618.817669	296498.739244	-0.004059	0.285290	149.080830
564	2000.000000	1177.787754	-1658.049508	294745.457651	0.311952	-0.763770	148.305050
565	2000.000000	745.019036	-8351.490136	295613.244420	0.169671	-3.766250	147.888200
566	2000.000000	-275.938152	1665.611677	304185.678856	-0.015590	0.829880	152.815510
567	2000.000000	84.567955	1422.091800	298734.654064	0.074411	0.618990	149.663260
568	2000.000000	307.666173	-8487.908376	303946.224779	0.150983	-3.831650	151.374220
569	2000.000000	-1076.323468	848.652696	298785.260961	-0.186658	0.335060	149.848330
570	2000.000000	2480.532912	-803.288179	290321.935954	0.935284	-0.440780	144.908810
571	2000.000000	-5467.470761	-2625.030530	299407.353406	-2.142530	-1.130320	150.129870
572	2000.000000	-574.376509	-1010.207211	294357.523983	-0.217716	-0.433510	148.028790
573	2000.000000	-4538.932039	9973.397276	302521.387808	-1.982184	4.444430	151.089560
574	2000.000000	-689.630647	9617.311200	305557.973076	-0.103388	4.480580	153.335520
575	2000.000000	-380.415018	-2956.375716	299186.318832	-0.045750	-1.468240	150.326640
576	2000.000000	1652.663220	-543.564062	300206.986131	0.665439	-0.200720	149.813570
577	2000.000000	2187.559062	-3314.928278	294776.021782	0.838293	-1.475000	148.166610
578	2000.000000	568.374602	-1252.139851	307222.175026	0.130854	-0.585940	152.732770
579	2000.000000	-3.533704	-3205.893979	298718.340194	0.060294	-1.467920	149.102940
580	2000.000000	2624.036972	1246.388398	297827.536081	0.991971	0.523130	148.419190
581	2000.000000	8449.814694	7806.276767	303157.190108	3.897863	3.466360	150.874270
582	2000.000000	-205.184077	-163.098807	292160.512734	-0.001653	-0.033390	146.536470
583	2000.000000	783.898007	-2232.142359	298266.371987	0.214317	-0.901740	149.905570
584	2000.000000	1176.753509	-14029.813556	304343.626979	0.275588	-6.431370	151.668230
585	2000.000000	-1022.319206	-535.636964	307694.645519	-0.382644	-0.108030	153.108200
586	2000.000000	1245.647624	11063.031526	302081.595291	0.460626	5.101080	151.283150
587	2000.000000	499.977066	2371.300834	296610.558653	0.201766	1.158080	147.854680
588	2000.000000	401.212380	3194.657009	295769.555728	0.135155	1.504220	148.720020
589	2000.000000	354.125869	-1134.530247	299266.162317	0.119420	-0.583690	150.300300
590	2000.000000	-1390.157735	7077.868136	299516.180501	-0.586551	3.336610	148.828410
591	2000.000000	15.075303	7901.176480	302334.029166	-0.048342	3.597330	151.960720
592	2000.000000	163.270490	-4224.192186	299265.471512	-0.038861	-1.900840	148.843900
593	2000.000000	745.602711	4327.119036	294016.163022	0.230430	1.938030	146.693250
594	2000.000000	-8851.720372	2368.962030	309803.674916	-4.145287	1.070450	153.990310
595	2000.000000	1495.413251	-7310.546507	310210.928159	0.517736	-3.460300	154.971480
596	2000.000000	-2258.731302	-1988.438252	300932.745924	-0.849864	-0.819530	149.599300
597	2000.000000	590.428011	-282.062431	295302.781923	0.089957	-0.245620	147.654260
598	2000.000000	869.970408	3649.703299	307225.684426	0.201122	1.746120	153.360910
599	2000.000000	-903.551618	-989.367917	307507.044859	-0.174222	-0.555020	154.329300
600	2000.000000	124.126514	3093.364308	304424.130734	0.048598	1.360520	151.237300
601	2000.000000	6.658884	-1985.107607	300786.062562	-0.013501	-0.814820	150.238420
602	2000.000000	-122.273022	8362.454206	297941.795840	0.014365	3.908790	149.889170
603	2000.000000	8498.675906	5860.643241	300272.463680	3.846794	2.781750	149.755910
604	2000.000000	1563.506036	2366.579193	301712.709229	0.568306	1.107030	150.155350
605	2000.000000	-436.633567	-1580.360517	298093.179293	-0.135419	-0.843600	148.677190
606	2000.000000	-420.578089	7454.877176	299802.924409	-0.077804	3.313950	150.349800
607	2000.000000	882.017639	3995.840653	297647.760653	0.271219	1.899560	148.476010
608	2000.000000	1349.312374	-1584.445978	303944.632526	0.279193	-0.787800	152.660260
609	2000.000000	-1058.798259	502.514909	302968.681401	-0.325992	0.126680	152.012550
610	2000.000000	-1425.881557	6474.512357	309194.302868	-0.616030	3.029810	153.957060
611	2000.000000	1949.911649	-6573.737886	303942.940882	0.712845	-3.066470	151.276210
612	2000.000000	-380.617408	788.919337	305594.814038	-0.062699	0.298000	153.578940
613	2000.000000	-3181.043215	3328.590099	300300.667524	-1.119818	1.559120	149.362110
614	2000.000000	32.050271	-1102.213487	300584.691260	-0.000388	-0.346470	149.374120
615	2000.000000	-783.131589	-6440.579727	303604.046747	-0.198934	-3.065480	151.332930
616	2000.000000	-700.003065	7277.743616	302197.718661	-0.145031	3.389130	150.374310
617	2000.000000	355.535249	-501.076696	297623.141132	0.074583	-0.380080	148.690500
618	2000.000000	-986.562356	-158.300940	303442.296817	-0.327812	-0.146560	151.517980
619	2000.000000	2841.792335	2049.052689	303346.974319	1.062934	0.834120	152.532710
620	2000.000000	4052.309660	-7840.687936	301301.577302	1.716779	-3.486640	150.030730
621	2000.000000	168.754847	1481.177816	292431.412872	-0.025059	0.678310	147.159780
622	2000.000000	-181.458423	-2039.982599	306099.365116	0.030963	-0.962200	154.009050
623	2000.000000	-1524.610764	3676.356129	294717.426534	-0.592398	1.559940	147.304720
624	2000.000000	-9442.611694	1724.574271	298906.036668	-4.148250	0.893080	150.117900
625	2000.000000	373.796333	-2793.278948	305941.051568	0.044141	-1.294070	152.685410
626	2000.000000	-227.213084	-3604.505510	295963.019094	0.005660	-1.571970	148.885520
627	2000.000000	-803.150712	-3475.870680	301113.528487	-0.237259	-1.704320	150.242910
628	2000.000000	-4027.897316	-5919.809659	302117.723699	-1.624110	-2.702660	151.432950
629	2000.000000	-496.920084	-5735.145350	295008.069263	-0.090739	-2.682480	148.271730
630	2000.000000	-195.596585	-1004.990373	300146.448638	-0.041424	-0.334470	149.557360
631	2000.000000	2082.121050	5045.050517	295799.821593	0.747110	2.294600	147.329740
632	2000.000000	759.483214	-4287.251957	304170.403086	0.120879	-1.988030	153.020640
633	2000.000000	-2825.199669	-2096.554971	300641.511303	-1.063567	-1.002650	150.251130
634	2000.000000	1513.841276	-85.825031	296279.964183	0.501831	-0.160710	147.833510
635	2000.000000	-6013.874921	148.951970	307269.310046	-2.538933	-0.071430	154.297940
636	2000.000000	7145.978318	-7883.611908	294299.012374	3.077709	-3.689510	147.489180
637	2000.000000	-458.909766	4572.375866	300421.621548	-0.133315	1.984570	150.133880
638	2000.000000	2804.748583	-6711.498666	292768.005612	0.916930	-2.930710	146.742090
639	2000.000000	-141.651561	-1162.173092	302163.177176	-0.026292	-0.585640	151.664660
640	2000.000000	178.946530	6873.128286	300757.608861	0.102908	3.161880	150.218390
641	2000.000000	-398.693083	1903.528833	296828.757343	-0.030436	0.862420	147.745370
642	2000.000000	-2239.047647	-2959.221949	310121.917956	-0.744084	-1.455980	154.467800
643	2000.000000	-177.453140	-871.526771	303202.803984	0.014400	-0.469440	151.392290
644	2000.000000	-2737.844259	-4585.176688	300031.477531	-0.938945	-2.036210	150.483880
645	2000.000000	-330.867670	-5737.648689	292787.579074	-0.073696	-2.575000	146.905590
646	2000.000000	-3501.760845	4599.572227	306331.031196	-1.315105	2.181700	152.500830
647	2000.000000	-469.420927	2235.859112	300190.977373	-0.122938	1.023530	150.406180
648	2000.000000	-396.837837	10436.414936	306032.213538	-0.127711	4.652200	152.398530
649	2000.000000	6957.246725	788.882853	300308.566862	3.134696	0.347380	149.579150
650	2000.000000	431.429963	-1142.243169	298702.836711	0.047490	-0.519700	148.940590
651	2000.000000	389.809339	-1144.508140	300643.388707	0.121349	-0.414160	150.749260
652	2000.000000	1238.683375	2342.712927	302289.344030	0.340543	1.073780	150.618400
653	2000.000000	332.120846	-2050.771087	297653.029413	0.053077	-1.023260	148.524430
654	2000.000000	-153.392568	-2201.140870	303508.068957	-0.062738	-1.040150	151.926310
655	2000.000000	966.460024	3607.467977	304951.038798	0.155705	1.683430	153.420760
656	2000.000000	35.823806	5498.641619	300309.218014	-0.039114	2.564570	150.153390
657	2000.000000	-97.298530	-370.956677	304194.377057	-0.074960	-0.159500	152.274890
658	2000.000000	-498.598968	939.536549	296184.660224	-0.099143	0.553400	148.138570
659	2000.000000	3107.159662	-5875.902197	301616.646797	1.205813	-2.765630	151.548160
660	2000.000000	637.924845	5817.431186	295837.483843	0.082433	2.678710	147.405070
661	2000.000000	-624.236284	321.332353	299857.992647	-0.223726	0.109000	149.422060
662	2000.000000	-565.203777	-3725.334718	306116.219697	-0.181268	-1.604050	152.174070
663	2000.000000	698.783169	-8135.632587	300235.525323	0.215775	-3.804510	150.252160
664	2000.000000	-2405.028806	-3909.206702	299107.719910	-0.709115	-1.771430	150.094690
665	2000.000000	166.550760	-1465.549121	310173.920656	0.065965	-0.594680	155.276660
666	2000.000000	-714.249060	-660.084950	299287.873574	-0.244145	-0.406460	148.838820
667	2000.000000	-989.467964	2269.420548	301126.975907	-0.263984	1.071820	151.446750
668	2000.000000	-1388.081152	-12232.798276	293409.627162	-0.295541	-5.614170	147.449900
669	2000.000000	-1124.277872	3789.372146	296926.249810	-0.289719	1.697600	147.989930
670	2000.000000	-498.788300	-6060.482786	298666.893879	-0.073380	-2.853010	149.567320
671	2000.000000	1597.724734	-7571.715479	302332.980539	0.561140	-3.491210	150.428460
672	2000.000000	463.705533	-1388.916724	294125.013883	0.058049	-0.490060	147.853730
673	2000.000000	192.795296	13389.570656	295037.371490	0.097025	6.087390	148.237770
674	2000.000000	-340.326362	-4556.622727	294666.180640	-0.147985	-2.098430	147.575440
675	2000.000000	-4071.999975	3358.606416	301227.643838	-1.698056	1.556990	150.102270
676	2000.000000	-441.559886	-10110.385706	305745.083638	-0.053509	-4.638720	153.163490
677	2000.000000	569.443067	2981.553046	297178.634412	0.117578	1.213160	149.472370
678	2000.000000	-424.720037	-11275.756246	300413.132719	-0.140218	-5.034160	150.988300
679	2000.000000	-338.025649	-2187.454684	294869.524952	-0.071384	-1.087590	148.410010
680	2000.000000	600.630849	-750.210612	300290.109816	0.163278	-0.379810	150.035130
681	2000.000000	337.253845	-2745.477786	298693.933573	0.085321	-1.327050	149.131630
682	2000.000000	180.861345	4677.850626	298062.147641	0.029927	2.000640	148.639750
683	2000.000000	-869.390791	1244.997211	305716.052556	-0.261788	0.491780	153.090230
684	2000.000000	-1768.664680	2201.071819	308317.455610	-0.573953	1.069700	153.222750
685	2000.000000	-1699.239517	-11887.001606	297528.659592	-0.449278	-5.447570	149.006530
686	2000.000000	-6.320487	873.181506	298597.740009	0.010866	0.381960	150.164300
687	2000.000000	-1314.957301	-2945.884087	301208.373649	-0.301935	-1.301120	150.458400
688	2000.000000	275.194097	1110.585767	303354.643219	0.058870	0.424980	151.181650
689	2000.000000	-729.188000	5727.331147	306576.826258	-0.204228	2.715230	152.348260
690	2000.000000	-328.797415	2233.704004	306448.568170	-0.070249	1.072560	152.330440
691	2000.000000	-555.868790	-509.100278	302478.046923	-0.214754	-0.250210	150.264830
692	2000.000000	-784.246072	1346.314317	301568.120587	-0.125213	0.524270	151.184540
693	2000.000000	4620.068012	1803.408930	305125.172319	1.888228	0.782970	152.253800
694	2000.000000	-2223.092586	-229.841069	302823.209360	-0.809651	-0.133610	152.115850
695	2000.000000	-765.174781	-116.711100	294527.462594	-0.118467	-0.045750	147.753940
696	2000.000000	629.600350	-7482.966977	305146.884666	0.272649	-3.459790	152.429270
697	2000.000000	-290.991775	4458.082176	302413.471511	-0.132294	2.079080	150.829370
698	2000.000000	-8470.794314	-63.197288	307387.525658	-3.763156	-0.125830	152.957950
699	2000.000000	-614.431728	4655.283088	295707.010084	-0.169717	2.268050	147.604090
700	2000.000000	-957.196620	-2568.541326	295265.284910	-0.207393	-1.065020	147.620780
701	2000.000000	1270.427127	-930.860861	301222.070557	0.404909	-0.549070	150.462570
702	2000.000000	-759.288991	-2599.923239	305567.057087	-0.234563	-1.198620	152.899050
703	2000.000000	-1877.401275	1447.633008	299810.027383	-0.577580	0.653440	149.354670
704	2000.000000	1115.086447	4085.440638	304024.060807	0.318401	1.765860	151.718830
705	2000.000000	-165.950729	7697.967877	303295.036441	-0.041526	3.495910	151.307700
706	2000.000000	564.133624	3068.417763	297730.983503	0.174229	1.264500	148.356310
707	2000.000000	5170.788993	4465.006599	301759.320607	2.208111	2.009320	151.130640
708	2000.000000	-922.371287	-2182.552867	301897.890041	-0.193199	-0.939170	150.553690
709	2000.000000	-321.340938	2988.444967	298537.645691	-0.114122	1.366320	150.068520
710	2000.000000	727.679862	139.791053	299792.323289	0.158600	-0.020900	150.636290
711	2000.000000	-645.880213	-1830.185179	312519.441896	-0.119075	-0.812240	155.593100
712	2000.000000	1033.957326	6840.022747	302555.571184	0.202690	3.174690	151.334980
713	2000.000000	-2112.217683	6957.135730	297146.861473	-0.709484	3.288530	148.443420
714	2000.000000	2417.673057	3297.916821	307352.348626	0.882478	1.499160	153.022100
715	2000.000000	-486.772032	-1849.215327	301334.133083	-0.080939	-0.793500	151.298430
716	2000.000000	-1090.331324	6029.419376	307811.217798	-0.464015	2.807910	153.569070
717	2000.000000	1743.940874	-13634.983137	298612.698652	0.682160	-6.164520	149.209350
718	2000.000000	-84.234252	-671.172634	303137.087318	0.006122	-0.310990	152.033590
719	2000.000000	-618.986435	-4583.004217	304433.072100	-0.246690	-2.199150	152.210770
720	2000.000000	-96.156766	-12724.568506	307693.629438	0.041313	-5.839980	154.006330
721	2000.000000	-274.285943	-6932.426592	297166.998684	-0.071725	-3.067810	149.325060
722	2000.000000	397.569884	-611.361003	299273.376418	0.067194	-0.382030	150.591110
723	2000.000000	873.584687	104.772139	302362.439418	0.212199	0.102250	151.434800
724	2000.000000	212.222698	-6418.549567	299951.545371	0.093696	-2.793970	150.194900
725	2000.000000	-140.282258	-76.330643	297107.820601	0.026648	-0.107210	149.358870
726	2000.000000	-7180.339797	6042.821088	300587.465270	-3.203916	2.755040	149.964780
727	2000.000000	-1244.268249	-8521.956466	300381.070190	-0.327106	-3.736550	150.184030
728	2000.000000	2395.301808	3623.655796	298895.845350	0.827864	1.527780	150.379590
729	2000.000000	-1632.319269	8520.750598	298475.745191	-0.523364	3.790770	149.628590
730	2000.000000	-6675.625732	2185.275073	301790.055189	-2.967320	0.939720	151.063480
731	2000.000000	110.377400	6797.573587	304492.786699	-0.021442	3.004080	151.905080
732	2000.000000	-684.542509	9007.786599	297421.597104	-0.273282	4.136710	148.554210
733	2000.000000	-279.166961	6115.446803	301018.514217	-0.145882	2.764610	150.184110
734	2000.000000	-1155.997854	-4458.226146	295938.238941	-0.307576	-1.935430	148.889280
735	2000.000000	788.857539	-1658.106242	298021.245240	0.303855	-0.724370	148.709900
736	2000.000000	1563.802807	-13.020291	304322.462647	0.607473	-0.056230	151.228920
737	2000.000000	-3793.201467	3219.465559	304853.483960	-1.661747	1.429800	151.698860
738	2000.000000	-1193.319477	-4186.907626	306661.351659	-0.375794	-1.848890	152.503810
739	2000.000000	656.485553	2742.470127	297370.932094	0.091259	1.226610	148.851910
740	2000.000000	-1766.701942	-2574.243057	300345.701259	-0.608563	-1.053890	149.912710
741	2000.000000	-369.417811	285.426446	298587.299491	-0.036023	0.233680	149.533400
742	2000.000000	193.481951	3326.010788	294078.010034	-0.022233	1.436040	147.702640
743	2000.000000	-10204.307348	3560.467050	306367.980186	-4.392942	1.581550	153.975060
744	2000.000000	664.705203	1798.982980	296018.667864	0.176013	0.937480	147.267670
745	2000.000000	-161.896644	767.050352	297796.464696	0.035585	0.278190	148.333070
746	2000.000000	-1018.200958	1339.259949	298219.682220	-0.298274	0.651430	148.483490
747	2000.000000	724.167756	2090.019709	294367.377643	0.134334	0.984710	147.287830
748	2000.000000	10710.148433	-1233.406469	292679.386350	4.813797	-0.429490	146.873750
749	2000.000000	-9884.971491	3570.608549	309088.282187	-4.293737	1.616910	153.943270
750	2000.000000	-517.832891	816.974901	302988.418712	-0.056033	0.303770	151.408450
751	2000.000000	-38.672100	-5807.084467	299014.679631	-0.026121	-2.555880	150.180160
752	2000.000000	232.838323	-472.192503	302773.238040	0.157947	-0.136930	150.477680
753	2000.000000	1405.060057	-6806.432878	292362.308714	0.504256	-3.127190	145.897420
754	2000.000000	4989.854376	2032.942906	295798.834118	1.992725	0.921110	147.598980
755	2000.000000	-282.767782	6410.382968	293819.845770	-0.137159	2.842350	147.282810
756	2000.000000	-3008.586906	2894.568172	299038.445257	-1.016814	1.297680	150.085490
757	2000.000000	-325.082838	-2149.380437	298924.619000	-0.081084	-0.990580	149.987050
758	2000.000000	17.697007	3278.650367	295205.951493	0.024371	1.458690	147.892260
759	2000.000000	-1299.289238	4597.785329	298909.539768	-0.388905	2.129930	148.843290
760	2000.000000	-227.002605	-1975.108956	299932.803518	-0.136081	-0.907620	150.364470
761	2000.000000	-9016.653178	2144.031948	304775.535829	-3.899487	1.050540	152.134030
762	2000.000000	59.157279	4120.379179	296355.884744	-0.011551	1.916710	148.243320
763	2000.000000	-205.920648	-6579.241846	296765.215240	-0.037311	-2.848950	148.741530
764	2000.000000	-637.226183	1329.607006	302141.287319	-0.244088	0.627170	150.111640
765	2000.000000	74.839821	2353.156008	298139.761714	-0.025497	1.066640	149.300690
766	2000.000000	-798.833037	-1183.386527	301266.241506	-0.101606	-0.511720	151.259040
767	2000.000000	726.909627	-7124.175517	300828.527771	0.243271	-3.249360	150.400710
768	2000.000000	3903.887851	2562.080176	304236.050069	1.622016	1.304740	152.294150
769	2000.000000	177.248147	-71.763236	305062.273032	0.089197	-0.115760	151.641480
770	2000.000000	-1048.961051	8152.720456	304132.159890	-0.337369	3.876760	151.644710
771	2000.000000	410.891301	6762.948882	306358.850846	0.040731	3.135280	153.010830
772	2000.000000	-729.096986	4229.213531	300493.624013	-0.105515	1.983980	150.225270
773	2000.000000	898.374928	-1792.859347	299282.758110	0.254831	-0.751830	150.392170
774	2000.000000	335.728661	8747.754536	298256.707401	0.022463	3.940290	149.187180
775	2000.000000	-1139.387944	8172.219830	296974.560650	-0.261005	3.712400	149.100670
776	2000.000000	-1666.489401	-1513.491036	299517.033249	-0.463492	-0.796730	150.402250
777	2000.000000	756.507233	-11985.643146	296697.893272	0.199903	-5.309210	148.005840
778	2000.000000	-144.959748	3626.438926	302806.249128	0.016105	1.709470	151.325600
779	2000.000000	345.093581	-2659.848117	299066.200132	0.015061	-1.135810	149.420430
780	2000.000000	255.804975	1659.037147	293364.202483	0.033177	0.678610	147.286370
781	2000.000000	-13.756259	-6206.889447	302228.319526	0.026011	-2.878710	151.380080
782	2000.000000	375.782730	-437.994723	294907.289784	0.069169	-0.194920	148.019660
783	2000.000000	-609.294254	4602.383987	304577.976486	-0.149023	2.199420	151.350030
784	2000.000000	312.084241	1178.565971	291969.836774	-0.004059	0.574660	145.632020
785	2000.000000	59.942314	4633.781029	297115.833036	0.004954	1.957760	149.191480
786	2000.000000	992.539281	-1725.500827	292495.788253	0.185549	-0.676710	146.916120
787	2000.000000	-323.104816	-6328.686937	292044.563651	-0.045191	-2.961220	146.571700
788	2000.000000	-226.743919	-5065.139020	303921.374386	-0.070796	-2.384120	151.783520
789	2000.000000	-642.102824	1725.737736	298239.523502	-0.141379	0.919550	149.723650
790	2000.000000	1398.919969	8616.504377	309363.050916	0.438778	4.046350	154.199300
791	2000.000000	-164.050288	-2802.025107	298159.402834	-0.043657	-1.322420	148.337370
792	2000.000000	375.391503	4434.278666	298858.220779	0.134332	2.042990	149.252360
793	2000.000000	-486.344956	3043.116852	296022.145771	-0.119231	1.332460	148.771840
794	2000.000000	-109.403085	-10311.807736	305476.268048	-0.046489	-4.701400	152.685650
795	2000.000000	1844.754741	-569.235204	300362.468453	0.685914	-0.175030	149.446820
796	2000.000000	4983.200980	-5476.964548	294840.127532	2.187506	-2.376470	147.409830
797	2000.000000	4109.462729	-6988.841709	300877.733426	1.577604	-3.060220	151.083310
798	2000.000000	-6716.724959	-2089.031611	304483.365150	-3.080430	-0.913240	151.408510
799	2000.000000	788.634065	52.737749	302371.535731	0.204184	-0.080460	150.563950
800	2000.000000	-1465.076686	1058.710530	310192.890306	-0.538131	0.360180	154.431180
801	2000.000000	321.698097	-6099.923519	294627.142423	0.035195	-2.738330	146.565110
802	2000.000000	513.650180	-1867.582531	306500.181316	0.107627	-0.805610	152.744940
803	2000.000000	-2226.557040	7733.836996	302509.286611	-0.693634	3.391580	151.626580
804	2000.000000	321.532437	3981.663533	298251.074533	0.036605	1.830900	149.985960
805	2000.000000	1386.229557	7168.525188	298605.997570	0.371375	3.113300	150.052510
806	2000.000000	-1058.387731	-13977.647257	297463.299791	-0.391048	-6.479450	148.274460
807	2000.000000	-1580.726738	-5162.461334	295881.401909	-0.524193	-2.386980	148.913970
808	2000.000000	-1250.716612	-429.183973	302304.348048	-0.395181	-0.047700	150.338780
809	2000.000000	2614.464134	-3683.022188	296483.422783	1.076995	-1.550780	147.446750
810	2000.000000	-276.026824	-296.387722	302059.505197	-0.016422	-0.052190	150.128550
811	2000.000000	643.545998	1504.042259	306725.056346	0.191734	0.567910	154.169820
812	2000.000000	1068.818311	863.563510	301445.600493	0.175486	0.352770	151.540060
813	2000.000000	-2629.036882	-2765.147068	296526.515483	-0.821976	-1.244380	148.553780
814	2000.000000	-588.252075	2909.237057	298456.138220	-0.185772	1.260950	148.388940
815	2000.000000	631.794117	1250.748221	289016.105823	0.060165	0.502520	145.377750
816	2000.000000	-213.267499	5788.430757	291001.673989	0.008919	2.655220	146.000710
817	2000.000000	-32.174215	5238.519230	304519.189126	0.002963	2.243610	151.746970
818	2000.000000	293.631548	2284.252681	308424.585156	0.013802	1.061440	154.835670
819	2000.000000	-98.368127	1124.750090	300421.343374	-0.083419	0.574090	150.856720
820	2000.000000	1158.163418	6540.567007	301443.612601	0.420200	2.952390	150.096840
821	2000.000000	57.465519	2633.760212	293647.402653	0.001553	1.247860	146.257350
822	2000.000000	499.205979	-5683.046766	299335.017487	0.120954	-2.479360	148.886940
823	2000.000000	-714.846989	2605.274708	307522.015096	-0.279146	1.216240	154.310610
824	2000.000000	570.385893	-537.166777	310134.988079	0.198546	-0.166790	154.738430
825	2000.000000	-283.164725	-7056.590397	302382.850293	-0.070786	-3.163500	151.563640
826	2000.000000	-132.748620	-7795.839527	301111.334903	-0.039223	-3.579860	151.216320
827	2000.000000	2500.646984	-1744.347573	294870.432343	0.775211	-0.770700	148.071930
828	2000.000000	-144.468408	-7989.058117	295152.119840	-0.071791	-3.499200	148.355700
829	2000.000000	1222.987690	-3715.029443	293208.829802	0.243663	-1.770030	147.026580
830	2000.000000	197.233752	-1982.327991	301398.132447	0.061152	-0.836810	150.084100
831	2000.000000	7816.181826	10105.670176	303316.550130	3.472259	4.666770	150.786190
832	2000.000000	144.221187	3858.131183	294743.387544	0.067632	1.726650	146.670190
833	2000.000000	826.123751	5954.170127	292756.191018	0.117121	2.712870	147.281850
834	2000.000000	-222.291160	-2712.647626	298788.663959	-0.075591	-1.160550	148.752030
835	2000.000000	4845.900167	-3461.149700	299848.263629	1.998399	-1.598160	149.358330
836	2000.000000	164.568088	6048.158446	292625.716143	0.064894	2.691440	146.256290
837	2000.000000	-266.086689	4333.699612	290930.943660	-0.084149	2.013310	146.402400
838	2000.000000	-2219.505650	3125.334131	296219.607537	-0.764290	1.457940	148.528120
839	2000.000000	-3350.764647	-249.439098	299768.812988	-1.206950	-0.113200	150.009130
840	2000.000000	-2992.077456	84.729450	293520.702553	-1.190271	0.185850	146.213920
841	2000.000000	-755.394244	5085.961378	297488.050396	-0.103508	2.254530	149.303360
842	2000.000000	-2386.730445	3243.270661	295388.796702	-0.799602	1.340650	147.776580
843	2000.000000	-1861.651639	-319.835388	298830.105887	-0.578702	-0.074510	150.128200
844	2000.000000	-1063.008206	-7507.786896	299101.579531	-0.247794	-3.471160	149.578540
845	2000.000000	44.463877	7312.397476	308925.283217	0.056994	3.206870	154.481590
846	2000.000000	483.141585	5489.095700	298992.041304	0.138789	2.633680	149.581920
847	2000.000000	-30.183819	-1201.741076	296607.844610	0.059484	-0.535160	149.238200
848	2000.000000	5869.203858	1267.672399	290474.266183	2.420657	0.665580	146.231530
849	2000.000000	-1042.631221	5404.087849	289391.698731	-0.197446	2.392870	145.043560
850	2000.000000	-2762.973849	4310.286450	302178.966776	-1.071623	1.933000	151.466770
851	2000.000000	17.520183	3421.428461	303726.433912	-0.002836	1.513530	151.019130
852	2000.000000	-245.236785	-4105.765376	302337.200460	-0.076780	-1.981560	150.570610
853	2000.000000	1581.619731	-1775.205622	304035.502327	0.445814	-0.812700	152.485050
854	2000.000000	-1560.918813	-1887.127800	296621.847724	-0.429147	-0.729790	149.219520
855	2000.000000	-1433.338763	4441.200668	307164.933736	-0.448179	2.178410	154.042240
856	2000.000000	-519.619442	-48.132458	300538.022804	-0.071485	-0.135250	150.216230
857	2000.000000	1114.625585	-5252.634079	314293.694886	0.264305	-2.378690	156.393760
858	2000.000000	555.372536	1138.423408	302804.776624	0.158499	0.462490	150.457000
859	2000.000000	362.221328	7977.621696	296997.375363	0.128792	3.740190	148.077550
860	2000.000000	2201.700064	-5964.397826	298920.921279	0.644561	-2.634310	150.223050
861	2000.000000	192.265325	-6230.829690	302856.768216	0.053009	-2.753390	151.361590
862	2000.000000	100.957508	6080.667226	293651.682543	-0.056649	2.788400	146.880320
863	2000.000000	-487.073640	-9617.888236	297337.345510	-0.133605	-4.448340	147.814290
864	2000.000000	1144.185081	-4320.959933	299992.043518	0.415751	-2.001580	149.345750
865	2000.000000	42.272197	-6808.240008	301907.889587	0.056343	-3.073560	151.592980
866	2000.000000	-464.740716	-8282.433290	289868.584164	-0.094256	-3.738790	144.413010
867	2000.000000	202.636007	-687.362592	302141.044216	0.045542	-0.420210	151.070630
868	2000.000000	-2107.755328	-366.275060	307665.925867	-0.736421	-0.204720	153.835190
869	2000.000000	2062.082980	4305.215458	301476.770563	0.727126	1.845050	150.583260
870	2000.000000	-319.989653	787.760803	300092.265772	-0.162918	0.364360	149.611890
871	2000.000000	-488.025238	3770.899316	299989.033460	-0.223678	1.677270	149.573610
872	2000.000000	-506.114406	11059.690137	295461.857782	-0.202936	5.068420	147.788540
873	2000.000000	359.449422	6307.835702	301685.070436	0.099841	2.767570	151.242780
874	2000.000000	-2927.480984	-3278.887586	296279.095932	-1.164936	-1.348990	148.529410
875	2000.000000	182.352063	2478.679707	302700.339087	-0.032343	1.146410	151.484540
876	2000.000000	-1423.948865	4810.460049	296356.812953	-0.328850	2.190930	148.761800
877	2000.000000	-194.529102	310.650252	305528.363856	-0.028301	0.007790	152.218660
878	2000.000000	-1720.916998	-1456.025749	301872.179372	-0.680941	-0.604310	150.680840
879	2000.000000	204.415940	-5631.304897	305044.665718	-0.016757	-2.589340	152.021500
880	2000.000000	274.081273	-1927.849373	300224.083873	0.065903	-0.723700	149.825050
881	2000.000000	-491.270794	-193.191152	301787.088537	-0.142703	-0.145640	150.996110
882	2000.000000	788.490804	7489.296076	303435.566269	0.197561	3.416770	152.102920
883	2000.000000	-416.451872	7610.101680	303757.237572	-0.156725	3.534850	151.486600
884	2000.000000	-151.047818	-5399.610016	294595.533802	-0.047361	-2.315980	147.765270
885	2000.000000	216.927312	4908.255246	303404.131308	0.088723	2.346220	150.710910
886	2000.000000	733.840272	-3349.264916	307130.727948	0.226843	-1.661020	152.816840
887	2000.000000	-534.255051	-3040.193420	299582.343274	-0.261100	-1.390870	148.932730
888	2000.000000	-1304.122658	7857.744786	300844.021019	-0.439324	3.610150	150.055150
889	2000.000000	1045.901567	-1480.167616	296377.459861	0.283900	-0.518350	148.558210
890	2000.000000	-215.721005	-3086.068276	299546.598298	-0.003597	-1.402260	149.148740
891	2000.000000	479.221546	849.348119	306906.688936	0.055290	0.376390	153.943000
892	2000.000000	-1211.498332	-4196.672817	302322.225303	-0.287748	-2.005770	150.741700
893	2000.000000	312.177740	3480.500416	298643.604192	0.096527	1.681720	149.082530
894	2000.000000	102.854353	-5123.056736	296489.068241	0.089860	-2.235160	147.894340
895	2000.000000	-785.810250	9649.466756	294867.076770	-0.228808	4.413220	147.398080
896	2000.000000	607.410387	4622.945564	300030.455537	0.169220	2.230940	149.249140
897	2000.000000	-1484.622754	7703.482888	298054.077760	-0.517862	3.464280	149.036890
898	2000.000000	5874.461150	-2095.582466	299575.332560	2.436530	-1.008020	149.174300
899	2000.000000	1788.530947	-1069.205592	298200.558414	0.543958	-0.494730	148.180960
900	2000.000000	-853.864291	492.518439	298484.560599	-0.230534	0.309230	148.684660
901	2000.000000	3060.406462	-400.164769	299938.777899	1.047156	-0.238640	150.066320
902	2000.000000	-1116.401646	3536.758368	304301.970257	-0.185269	1.576590	153.126710
903	2000.000000	282.131494	-4662.817926	298072.541563	0.034570	-2.141180	150.013810
904	2000.000000	-2147.129984	-941.829672	304407.197077	-0.624918	-0.506250	152.512430
905	2000.000000	-1042.831711	6741.048246	308026.415299	-0.249843	3.106710	153.223080
906	2000.000000	-93.403748	-2146.576176	302985.058441	-0.044356	-1.042360	151.474510
907	2000.000000	-33.598804	-2556.401750	301394.639784	-0.092864	-1.173240	149.948770
908	2000.000000	-883.573031	12429.118716	294837.624682	-0.251292	5.697430	147.024060
909	2000.000000	-555.613526	7307.134683	299533.293557	-0.128706	3.487590	149.094410
910	2000.000000	-55.801237	2208.879253	302663.018167	0.023917	1.109870	151.958700
911	2000.000000	-1693.783421	2178.639760	306353.065408	-0.565389	1.028350	153.285230
912	2000.000000	-48.833055	-2545.932598	297893.448074	-0.068793	-1.126550	149.133020
913	2000.000000	-830.566090	-1060.940822	297632.988569	-0.126627	-0.432920	149.592030
914	2000.000000	455.476992	330.197369	305250.701447	0.179218	0.135630	152.513230
915	2000.000000	114.873306	-2176.854926	302059.866582	0.066961	-0.977350	151.790210
916	2000.000000	-3286.100075	-1810.131570	296971.990774	-1.268618	-0.806990	147.697480
917	2000.000000	-157.485679	-2746.799989	303102.125837	-0.048347	-1.393000	150.579730
918	2000.000000	10426.811388	1304.877369	302567.422940	4.762628	0.466820	151.200400
919	2000.000000	130.234107	4249.995919	295589.443673	-0.003480	1.945640	147.326330
920	2000.000000	8994.479065	-991.695568	293959.296320	4.055575	-0.528100	147.466270
921	2000.000000	1081.116467	447.052309	300020.046236	0.396195	0.181170	150.588260
922	2000.000000	26.726516	-1116.686206	298891.151363	0.039281	-0.479160	150.090520
923	2000.000000	-6293.340879	2683.825339	304050.876829	-2.637106	1.117300	151.538670
924	2000.000000	-768.806294	416.046171	295692.217094	-0.199099	0.054060	147.480830
925	2000.000000	-870.356248	4605.167677	296045.484438	-0.121590	2.056930	148.641970
926	2000.000000	-421.105021	-7809.461006	300048.887199	-0.051652	-3.506530	149.695150
927	2000.000000	1450.905907	1058.123087	303052.981269	0.620758	0.487910	150.581560
928	2000.000000	-283.265304	-2019.043069	309930.168806	-0.037231	-0.836480	155.372580
929	2000.000000	1230.047311	-1382.258210	300066.206514	0.456955	-0.766840	149.460740
930	2000.000000	-312.958938	-352.024272	296685.954504	0.000994	-0.126050	147.931020
931	2000.000000	7423.729717	2074.871939	301544.231537	3.214357	0.927310	151.128770
932	2000.000000	-954.436655	-884.743389	299922.650741	-0.309834	-0.538170	149.193890
933	2000.000000	1151.133928	104.428409	294028.236933	0.353550	0.027170	147.109100
934	2000.000000	-775.125788	-2491.952308	297340.623547	-0.158891	-1.050210	148.522410
935	2000.000000	785.948853	2232.039427	294034.507161	0.112988	1.040560	147.750810
936	2000.000000	-965.365807	1334.867561	300665.712967	-0.288363	0.727740	149.876530
937	2000.000000	-2934.484101	4719.551098	300468.417649	-1.004340	2.067670	150.554670
938	2000.000000	-1437.972105	-3783.591227	307982.312266	-0.521125	-1.747850	154.635550
939	2000.000000	-1199.291162	27.160219	295447.411264	-0.413620	0.002840	148.662820
940	2000.000000	1509.378758	3540.521638	299523.567098	0.459322	1.709540	150.605020
941	2000.000000	-2162.029367	-5513.594786	299480.713181	-0.712225	-2.507390	149.778870
942	2000.000000	-1330.449039	5807.646996	307977.979997	-0.518480	2.716570	153.554580
943	2000.000000	-404.640708	-5571.322466	304766.553361	-0.170513	-2.427940	151.453970
944	2000.000000	873.227111	-2704.158903	300156.776983	0.130153	-1.188750	150.484600
945	2000.000000	630.826514	-1907.637180	294152.103824	0.151226	-0.737970	146.656020
946	2000.000000	-3096.991636	-652.635130	295577.719309	-1.028363	-0.276180	147.813510
947	2000.000000	-164.874893	-4024.645197	299152.945027	0.036591	-1.853940	149.629130
948	2000.000000	-159.862390	-4960.801097	299977.944328	0.015495	-2.334370	149.860260
949	2000.000000	108.293780	-3007.316442	297862.274214	0.020413	-1.479480	148.518160
950	2000.000000	-2655.407794	-1596.529691	303772.017047	-1.036140	-0.596420	151.171620
951	2000.000000	-679.057711	2930.330277	300118.863452	-0.255852	1.325980	150.215440
952	2000.000000	114.466951	283.101103	305448.107036	0.064548	0.094630	151.863150
953	2000.000000	-90.637399	2674.319716	302916.003463	-0.024910	1.062900	151.139510
954	2000.000000	367.030353	3678.397958	302670.880238	0.134954	1.791130	151.735300
955	2000.000000	-487.332963	1597.264571	296254.282724	-0.090450	0.689120	147.747900
956	2000.000000	24.856632	274.477890	304230.216866	-0.021854	0.083070	152.254770
957	2000.000000	-425.061910	2095.169529	301258.474353	-0.183410	0.982220	149.900330
958	2000.000000	-318.170343	3349.354508	302017.661577	-0.153662	1.491980	150.573710
959	2000.000000	-7377.693709	-2935.807448	297986.838191	-3.115163	-1.348460	149.714250
960	2000.000000	-31.924352	3415.762057	301992.465859	0.064914	1.621740	150.574180
961	2000.000000	382.538487	1087.729904	300704.477381	0.115181	0.381550	150.266810
962	2000.000000	2601.707253	7047.499207	301380.873990	0.971547	3.141010	150.143460
963	2000.000000	1409.449250	-169.223456	300769.106439	0.492864	-0.057270	150.699330
964	2000.000000	-1753.798031	-9735.365126	306988.587698	-0.544148	-4.556970	152.873040
965	2000.000000	643.286710	-1566.240843	294863.909144	0.108623	-0.637910	147.980070
966	2000.000000	913.008371	-2013.916900	299791.300547	0.312789	-0.774520	149.923840
967	2000.000000	169.973078	2925.344127	295404.562203	-0.045675	1.312720	147.329530
968	2000.000000	-1322.033221	4093.862329	303386.010816	-0.447474	1.957030	151.048000
969	2000.000000	-12943.213227	4344.161950	304834.172580	-5.843035	2.135890	151.786610
970	2000.000000	1665.781049	665.405071	295002.274312	0.504012	0.206180	148.203310
971	2000.000000	-308.507993	-834.431819	301808.181467	-0.115844	-0.269520	151.125420
972	2000.000000	4878.838142	3552.710468	302554.057451	2.075230	1.538520	150.516710
973	2000.000000	-13.185756	5866.365688	301813.492598	0.014062	2.670870	151.797250
974	2000.000000	12433.015780	-1214.715958	293273.045363	5.676469	-0.618970	147.337830
975	2000.000000	151.021376	-5896.616079	298541.656098	-0.032281	-2.650010	150.098480
976	2000.000000	-3730.407375	149.503747	295054.477713	-1.476747	0.066160	147.327210
977	2000.000000	7283.111468	799.746960	301207.592268	3.320144	0.314810	150.417880
978	2000.000000	139.014319	2839.029969	301024.092171	0.110457	1.359860	149.752380
979	2000.000000	-180.396200	869.696384	300274.202859	0.038055	0.411500	150.012290
980	2000.000000	-1124.049992	-302.714719	294894.365023	-0.324892	-0.203230	147.140170
981	2000.000000	-116.772716	-4101.331787	296249.517368	0.045590	-1.865980	148.306400
982	2000.000000	-405.985643	2754.663568	305957.360396	-0.043642	1.246480	153.535910
983	2000.000000	-1244.654452	4457.685289	296356.928134	-0.379810	1.949660	148.849670
984	2000.000000	1274.592869	-440.809227	299284.983509	0.437905	-0.274960	149.620030
985	2000.000000	-240.622939	1246.597028	298705.875424	-0.084147	0.525280	148.394070
986	2000.000000	-1435.209327	9914.364286	303833.906996	-0.321071	4.516900	152.389740
987	2000.000000	-5059.426324	6945.695011	301727.285652	-2.105711	3.321980	150.535410
988	2000.000000	-116.490730	-4720.158236	298731.941761	-0.095618	-2.049000	148.424070
989	2000.000000	-1059.676089	248.390767	301301.409628	-0.467125	0.061380	149.684680
990	2000.000000	-11.170963	6369.526666	304128.549167	0.028318	3.027900	152.311290
991	2000.000000	2032.165989	5844.017090	304659.214871	0.633360	2.718450	151.611310
992	2000.000000	-1702.972003	-5206.927726	302183.966870	-0.450587	-2.298530	151.360860
993	2000.000000	408.139508	-1710.694062	298431.714453	0.037482	-0.851960	149.238620
994	2000.000000	212.123406	5116.852367	299710.401978	0.015821	2.312240	150.819460
995	2000.000000	348.662647	-1293.184166	304662.494178	0.104340	-0.644850	152.144960
996	2000.000000	-135.460982	-3068.954647	302762.879634	-0.006089	-1.495170	151.247530
997	2000.000000	4829.145690	551.982648	302934.249089	1.975299	0.301060	152.274000
998	2000.000000	-332.881818	3461.758869	303870.585910	-0.087734	1.507530	152.679260
999	2000.000000	299.245487	-7697.842266	299707.488443	0.111071	-3.495830	149.107710
