#name 	 time 	 x 	 y 	 z 	 vx 	 vy 	 vz 
1	1000.000000	-62.149958	208.618325	122418.661049	0.000033	0.000000	111.337270
0	1000.000000	247.137813	258.027725	130282.391317	0.000126	-0.000000	111.573512
2	1000.000000	474.024360	43.254476	122765.309087	0.000398	-0.000000	111.337675
3	1000.000000	872.156245	814.447852	123140.518037	0.001008	0.000000	111.371774
6	1000.000000	-522.300815	-78.387986	128778.692490	-0.000769	-0.000000	111.502546
4	1000.000000	-497.564711	-442.880146	124123.810742	-0.000431	-0.000000	111.388176
5	1000.000000	1036.967407	64.772239	124286.156560	0.001552	-0.000000	111.358014
9	1000.000000	-83.486754	-437.155969	122768.099427	-0.000020	-0.000000	111.358620
8	1000.000000	-358.397119	617.814681	127963.638341	-0.000213	0.000000	111.534086
10	1000.000000	980.469928	-315.775415	130295.305511	0.007395	-0.000000	111.605022
11	1000.000000	145.391599	-297.198570	125610.060193	-0.000105	-0.000000	111.376852
12	1000.000000	-164.435496	449.656114	125575.657754	-0.000028	0.000000	111.383824
13	1000.000000	-1245.288456	661.962838	123568.479618	-0.001404	0.000000	111.343862
14	1000.000000	309.365161	-42.202101	124359.655438	0.000143	-0.000000	111.347803
15	1000.000000	298.866802	-215.995262	125409.541574	0.000511	-0.000000	111.359118
16	1000.000000	-70.812188	556.319505	124824.387101	-0.000261	0.000000	111.343077
18	1000.000000	781.831776	896.607112	124518.852882	0.002843	0.000000	111.391753
19	1000.000000	80.035865	-581.277639	122239.522095	0.000101	-0.000000	111.354984
20	1000.000000	-1411.747015	-423.870301	123099.684084	-0.003809	-0.000000	111.349306
17	1000.000000	-885.630663	304.742151	127301.638696	-0.003363	0.000000	111.395756
21	1000.000000	-305.431774	-371.413494	126688.504175	-0.000813	-0.000000	111.482436
7	1000.000000	-143.795252	-376.329926	128206.614296	-0.000689	-0.000000	111.488738
22	1000.000000	290.056518	919.279772	125559.091708	0.000843	0.000000	111.364572
23	1000.000000	210.556843	-114.632772	126490.622154	0.000534	0.000000	111.370335
24	1000.000000	1430.392626	1278.822185	124330.206242	0.003162	0.000000	111.351194
25	1000.000000	-777.626585	-72.739386	124434.597811	-0.001047	-0.000000	111.370120
27	1000.000000	465.964088	-318.148723	124335.991565	0.000127	-0.000000	111.342033
26	1000.000000	-635.317295	-706.749307	125973.630992	-0.001039	-0.000000	111.356687
29	1000.000000	350.918107	465.961389	124606.214157	0.000452	0.000000	111.340095
28	1000.000000	773.685636	-52.873953	131781.000267	0.003908	-0.000000	111.737105
30	1000.000000	668.230193	29.183620	125120.284411	0.000899	0.000000	111.350669
31	1000.000000	-352.199747	993.922069	125612.889221	-0.000269	0.000000	111.447386
32	1000.000000	455.340131	-264.609012	122484.691087	0.000222	-0.000000	111.362164
33	1000.000000	67.685472	501.724381	126677.227217	-0.000071	0.000000	111.455046
36	1000.000000	-44.386647	13.730066	125507.900825	-0.000084	0.000000	111.393609
34	1000.000000	1172.820223	589.407187	126618.069266	0.002504	0.000000	111.373734
35	1000.000000	-548.893804	-628.278246	131521.373271	-0.002099	-0.000000	111.749442
37	1000.000000	-284.445865	168.058201	150148.794094	-0.000975	0.000000	143.930674
38	1000.000000	370.005884	-231.730545	126628.750925	0.000780	-0.000000	111.388049
40	1000.000000	-48.547700	-500.301355	124146.625889	-0.000177	-0.000000	111.337444
39	1000.000000	491.715316	-388.534163	126097.337733	0.000285	-0.000000	111.395721
41	1000.000000	37.267832	-1315.254231	125787.074861	-0.000054	-0.000000	111.363845
42	1000.000000	-695.964958	249.530865	125748.843128	-0.001843	0.000000	111.362460
45	1000.000000	242.823147	716.057248	123052.603414	0.000119	0.000000	111.337778
44	1000.000000	-1040.510967	-296.727336	124245.999722	-0.001097	-0.000000	111.358450
43	1000.000000	-1318.542620	363.888849	125738.755810	-0.003315	0.000000	111.346477
49	1000.000000	110.955181	-602.624781	125368.872754	-0.000056	-0.000000	111.346748
46	1000.000000	936.993733	307.683620	123361.698451	0.003099	0.000000	111.352349
47	1000.000000	556.293404	-806.917504	125484.754189	0.000389	-0.000000	111.403559
48	1000.000000	-601.991462	401.003175	125320.536461	-0.001656	0.000000	111.393074
50	1000.000000	491.516813	354.463067	122650.350540	0.000344	0.000000	111.345678
51	1000.000000	-408.815805	83.204774	125069.726961	-0.000502	0.000000	111.382977
52	1000.000000	-967.330715	750.180346	123467.719040	-0.001034	0.000000	111.336215
53	1000.000000	-24.533213	262.425985	126101.289316	-0.000219	0.000000	111.426541
54	1000.000000	-39.842772	44.479099	126493.659102	0.000191	-0.000000	111.372964
55	1000.000000	-554.726840	39.590630	124884.993963	-0.000671	0.000000	111.420189
56	1000.000000	-48.924487	264.490176	125466.840911	-0.000068	0.000000	111.365615
57	1000.000000	96.502163	410.671810	123958.717006	0.000133	0.000000	111.356450
58	1000.000000	-887.856622	789.723486	122743.235942	-0.001347	0.000000	111.346363
59	1000.000000	-47.133185	425.722164	123660.169645	-0.000039	0.000000	111.361847
61	1000.000000	-120.371152	-8.936996	124057.617483	-0.000251	0.000000	111.356705
60	1000.000000	9.456574	240.591285	129985.872386	-0.000401	0.000000	111.584053
62	1000.000000	653.906196	70.702941	125526.716351	0.000667	-0.000000	111.351101
63	1000.000000	735.651308	-841.304618	121818.848235	0.000429	-0.000000	111.333404
64	1000.000000	-67.354948	983.298545	122888.583133	-0.000231	0.000000	111.339303
65	1000.000000	-943.990578	476.298534	126120.986246	-0.006060	0.000000	111.426020
66	1000.000000	35.161699	-313.617090	125560.544461	0.000363	-0.000000	111.383729
68	1000.000000	377.005023	-238.374631	126226.852760	0.000484	0.000000	111.441032
67	1000.000000	46.879947	-742.045941	124903.254003	0.000182	-0.000000	111.434302
69	1000.000000	148.869122	-364.811873	123256.314974	0.000258	-0.000000	111.340183
72	1000.000000	331.728475	217.762135	125153.865687	0.000391	-0.000000	111.369638
70	1000.000000	817.065715	-279.510545	122794.839857	0.000379	-0.000000	111.340600
71	1000.000000	920.414149	-479.320410	124091.151724	0.001297	-0.000000	111.401658
74	1000.000000	225.440340	-58.027439	123974.994605	0.000045	0.000000	111.343204
73	1000.000000	272.455866	1082.548451	124435.676676	0.000629	0.000000	111.398570
75	1000.000000	762.540695	-809.647807	124197.261822	0.002843	-0.000000	111.364581
76	1000.000000	286.264266	-379.349359	124152.694421	0.000505	-0.000000	111.340804
78	1000.000000	-115.351447	503.418328	123209.018990	-0.000131	0.000000	111.375866
77	1000.000000	538.762934	373.855718	142725.832314	0.000984	0.000000	130.389514
79	1000.000000	12.777766	-39.694238	126080.409737	0.000003	0.000000	111.411777
80	1000.000000	692.598982	-810.135943	125142.213549	0.001300	-0.000000	111.361893
81	1000.000000	-481.006728	-24.635800	125751.387825	-0.000237	-0.000000	111.347346
82	1000.000000	-445.895139	101.310206	125760.466199	-0.000743	0.000000	111.367446
83	1000.000000	-972.711522	-581.280629	122675.288932	-0.000963	-0.000000	111.350917
84	1000.000000	-430.573818	715.211262	138395.558797	-0.001958	0.000000	113.798062
87	1000.000000	-692.684454	-477.920393	124424.851330	-0.000437	-0.000000	111.336408
86	1000.000000	156.299353	488.470274	123804.404947	-0.000107	0.000000	111.361470
85	1000.000000	520.684087	668.335128	127082.950482	0.001398	0.000000	111.417570
88	1000.000000	341.241579	361.931070	123422.986853	0.000092	0.000000	111.336269
90	1000.000000	-342.362187	-211.452296	122781.326791	-0.000197	-0.000000	111.363190
89	1000.000000	-432.235255	1046.656348	124367.920308	-0.000156	0.000000	111.421713
91	1000.000000	377.235441	439.089793	124703.082886	0.000134	0.000000	111.373211
92	1000.000000	660.657859	445.849634	129944.490418	0.000800	0.000000	111.613483
93	1000.000000	-603.571596	11.885628	122814.751789	-0.000373	-0.000000	111.339828
95	1000.000000	362.168072	-1090.424370	123141.833240	0.000294	-0.000000	111.349382
94	1000.000000	-1092.759287	-1418.834462	124235.982888	-0.005493	-0.000000	111.373499
96	1000.000000	126.746451	327.291104	123252.454071	-0.000121	0.000000	111.365437
97	1000.000000	-317.001837	-233.102961	123183.438213	-0.000462	-0.000000	111.345860
98	1000.000000	-124.542969	-258.165098	122422.682174	-0.000035	0.000000	111.340974
99	1000.000000	240.462841	352.059024	123665.042554	0.000241	0.000000	111.345121
100	1000.000000	466.916889	-66.840577	125489.472903	0.000226	-0.000000	111.377547
101	1000.000000	-1004.679473	271.098219	123190.620946	-0.001076	0.000000	111.350298
102	1000.000000	40.588494	-662.361882	125160.578190	0.000125	-0.000000	111.356160
103	1000.000000	198.838478	505.097468	131695.404642	0.000355	0.000000	111.653381
104	1000.000000	591.846811	-1017.989170	123018.246566	0.000558	-0.000000	111.347753
105	1000.000000	683.368773	-52.368654	125357.041927	0.000639	0.000000	111.368732
106	1000.000000	607.258026	856.534723	125105.950522	0.000716	0.000000	111.341688
107	1000.000000	-492.718030	626.817518	124955.112463	-0.000523	0.000000	111.348878
108	1000.000000	-97.667475	1104.860363	125175.671780	-0.000397	0.000000	111.338667
109	1000.000000	608.446266	-8.840649	123909.198422	0.000272	-0.000000	111.367248
110	1000.000000	-49.802146	-487.981605	145420.612095	-0.000623	-0.000000	137.370679
111	1000.000000	-348.721111	-1035.308700	124968.899451	-0.000233	-0.000000	111.345765
112	1000.000000	-401.811244	-1126.983126	124708.752101	-0.000247	-0.000000	111.340479
113	1000.000000	109.026246	539.195838	122814.963336	-0.000166	0.000000	111.372807
114	1000.000000	425.971788	-59.403469	123972.872008	0.000481	-0.000000	111.347328
115	1000.000000	-637.248984	-594.757592	122349.574987	-0.000665	-0.000000	111.350934
116	1000.000000	-238.278053	660.620979	125510.933541	-0.000505	0.000000	111.339351
117	1000.000000	958.023332	-714.508922	124360.602323	0.001484	-0.000000	111.349506
118	1000.000000	212.225877	160.239754	123605.826311	0.000509	0.000000	111.360287
119	1000.000000	994.233694	-536.307669	123277.211144	0.000947	-0.000000	111.367811
122	1000.000000	93.470478	42.512921	122186.497834	0.000135	0.000000	111.341916
120	1000.000000	1333.741036	89.025233	125080.845036	0.011533	0.000000	111.340897
121	1000.000000	-101.024009	599.138229	121926.851269	-0.000305	0.000000	111.336334
123	1000.000000	-327.369353	74.564233	127738.190630	-0.000461	0.000000	111.408699
124	1000.000000	128.336818	400.262459	123605.034819	0.000299	0.000000	111.342254
125	1000.000000	785.530208	-223.729042	125918.702742	0.001135	-0.000000	111.360847
126	1000.000000	-918.214096	824.597948	124410.270421	-0.001049	0.000000	111.383358
127	1000.000000	-183.916980	75.111587	123268.132501	-0.000010	0.000000	111.355845
128	1000.000000	84.302235	326.492654	132173.833298	0.000116	0.000000	111.668169
130	1000.000000	597.190806	-350.558051	122816.072077	0.000469	-0.000000	111.349606
129	1000.000000	-416.247796	-792.410612	124133.358971	-0.000235	-0.000000	111.346623
131	1000.000000	-324.226968	244.080848	136560.232298	-0.000818	-0.000000	112.853457
132	1000.000000	-52.484602	-113.061634	122616.273257	0.000123	-0.000000	111.363377
133	1000.000000	181.583742	552.236309	122917.904871	0.000269	0.000000	111.339176
134	1000.000000	-785.165859	412.135867	123035.141904	-0.002158	0.000000	111.369227
135	1000.000000	-231.890214	-764.079357	123855.214917	0.000035	-0.000000	111.358219
136	1000.000000	512.061064	746.380216	128101.520698	0.000656	0.000000	111.517944
137	1000.000000	-75.899324	-419.890748	125539.128068	0.000131	-0.000000	111.346530
138	1000.000000	860.141690	-949.328276	125080.177810	0.001523	-0.000000	111.366774
139	1000.000000	-322.723806	-231.713830	124008.377074	-0.000128	-0.000000	111.370225
140	1000.000000	-362.949622	125.418645	126602.880364	-0.000634	-0.000000	111.418180
141	1000.000000	-188.730736	200.453535	126128.115094	-0.000400	0.000000	111.372168
142	1000.000000	970.669205	-491.930773	123762.288259	0.000891	-0.000000	111.337097
143	1000.000000	-846.784344	-589.447589	121626.632131	-0.000487	-0.000000	111.336631
145	1000.000000	615.419227	-213.006704	121952.089798	0.000183	-0.000000	111.341789
144	1000.000000	415.204751	218.898643	124437.572766	0.000655	-0.000000	111.419156
146	1000.000000	-229.537287	-149.055008	123738.224689	-0.000104	0.000000	111.370696
147	1000.000000	881.921606	-469.853467	123737.290765	0.001125	-0.000000	111.367193
149	1000.000000	184.876211	-388.032902	125208.474740	0.000432	-0.000000	111.348159
148	1000.000000	331.308184	370.188883	128122.621585	0.001326	0.000000	111.442420
150	1000.000000	563.707298	-874.976997	124524.404718	0.000779	-0.000000	111.357891
151	1000.000000	394.799189	-35.828125	124816.670472	0.000545	-0.000000	111.341674
152	1000.000000	278.536931	-379.270970	126703.356016	0.000049	-0.000000	111.373337
153	1000.000000	-102.570202	-573.661861	125488.426105	-0.000143	-0.000000	111.382846
154	1000.000000	316.238483	-541.379936	127793.272732	0.000865	-0.000000	111.572218
155	1000.000000	126.526843	-8.611416	123960.971598	0.000255	0.000000	111.357381
157	1000.000000	-358.173771	-410.087355	122765.079962	-0.000210	-0.000000	111.353442
156	1000.000000	752.276659	38.805777	126650.827007	0.003874	-0.000000	111.412520
158	1000.000000	-643.174894	-903.169453	132054.673411	-0.001872	-0.000000	111.668631
159	1000.000000	-139.255457	-885.850681	127161.746249	0.000007	-0.000000	111.461080
160	1000.000000	635.063810	-63.764282	124384.375548	0.000449	-0.000000	111.352986
161	1000.000000	-282.780149	138.021681	128770.508229	-0.000779	0.000000	111.457014
163	1000.000000	-70.514427	-13.119836	123688.429471	-0.000034	0.000000	111.346443
162	1000.000000	-269.231350	418.226923	123135.854335	-0.000229	0.000000	111.334631
165	1000.000000	-140.660081	8.079169	126008.152795	0.000145	-0.000000	111.453032
164	1000.000000	-146.412615	-577.000518	123589.845444	-0.000247	-0.000000	111.387230
166	1000.000000	-171.561995	-1045.531915	124391.636588	0.000028	-0.000000	111.339931
167	1000.000000	-206.466249	592.312349	126584.838447	-0.000565	0.000000	111.416453
168	1000.000000	-11.989407	-617.224733	123311.663105	0.000113	-0.000000	111.340006
169	1000.000000	-234.011478	410.564010	123935.497383	-0.000620	0.000000	111.383754
170	1000.000000	712.482365	3.047266	124092.120798	0.000324	-0.000000	111.337965
171	1000.000000	486.777971	90.291158	124598.990805	0.000564	-0.000000	111.365040
172	1000.000000	62.459827	962.560205	124231.042707	0.000063	0.000000	111.342032
173	1000.000000	257.607523	-462.349014	127429.523248	0.000590	-0.000000	111.406470
174	1000.000000	-232.704367	19.684759	130683.646504	-0.000568	0.000000	111.631693
175	1000.000000	-1146.893387	98.631967	123727.727009	-0.001078	0.000000	111.347511
176	1000.000000	-802.924992	182.884923	125133.890698	-0.000575	0.000000	111.351588
178	1000.000000	74.335219	-405.980394	126480.806737	-0.000067	-0.000000	111.464157
177	1000.000000	-124.608579	-580.080995	126534.014102	0.000180	-0.000000	111.397607
179	1000.000000	975.731390	580.042703	124590.602993	0.001986	0.000000	111.353835
180	1000.000000	833.942401	-460.909578	125695.092125	0.005142	-0.000000	111.351800
181	1000.000000	-359.664846	244.171287	123191.807971	-0.000055	0.000000	111.335548
182	1000.000000	-251.065407	351.757033	126458.562403	-0.000367	0.000000	111.406070
183	1000.000000	-509.058897	139.908188	122279.222693	-0.000148	-0.000000	111.336094
184	1000.000000	-341.431591	412.476609	123541.419360	-0.000154	0.000000	111.346365
185	1000.000000	-352.938054	886.498514	122792.546210	-0.000291	0.000000	111.350859
186	1000.000000	95.908132	289.375355	124147.272336	0.000097	-0.000000	111.355779
187	1000.000000	-241.599744	-180.888196	123177.266296	-0.000089	-0.000000	111.369053
190	1000.000000	268.252926	192.342878	124615.702858	-0.000017	-0.000000	111.335347
188	1000.000000	775.303504	-329.440738	124403.165338	0.000915	-0.000000	111.369841
189	1000.000000	44.162276	438.450364	124061.273205	0.000146	0.000000	111.341174
191	1000.000000	-147.992734	771.379737	123672.187261	-0.000075	0.000000	111.361307
192	1000.000000	-199.643726	582.955021	127732.382544	-0.000358	0.000000	111.436039
194	1000.000000	-453.798144	139.994773	128421.060288	-0.000218	0.000000	111.446669
193	1000.000000	-590.961945	69.674860	123825.466427	-0.000397	0.000000	111.338656
195	1000.000000	-298.922552	15.967221	133690.440118	-0.000217	0.000000	111.791262
196	1000.000000	22.629237	462.966520	129746.736778	-0.000211	0.000000	111.558730
197	1000.000000	1057.071745	291.953116	124044.477746	0.001461	0.000000	111.334256
198	1000.000000	-858.718363	-26.957862	126578.304778	-0.001076	0.000000	111.403113
199	1000.000000	-18.383631	-420.213600	125062.748912	-0.000224	-0.000000	111.375438
200	1000.000000	219.273879	64.379017	125722.116338	-0.000015	-0.000000	111.348612
201	1000.000000	-146.043866	-223.581593	122709.657145	0.000070	-0.000000	111.353023
202	1000.000000	194.507266	-354.574270	124573.650976	0.000304	-0.000000	111.394192
203	1000.000000	20.166566	-415.747922	124927.251710	-0.000081	-0.000000	111.445328
204	1000.000000	-88.417873	-40.957302	123638.533524	-0.000059	0.000000	111.337609
205	1000.000000	-604.514653	662.641777	127866.316877	-0.001000	0.000000	111.419099
207	1000.000000	153.197080	90.062755	123696.940441	0.000481	0.000000	111.379778
208	1000.000000	257.227947	-935.992021	124975.389430	0.000176	-0.000000	111.346958
206	1000.000000	-134.124488	580.054393	126349.065138	-0.000187	0.000000	111.379681
209	1000.000000	-1133.025121	-232.375399	125763.541224	-0.004749	-0.000000	111.365963
211	1000.000000	-122.364984	144.916177	126798.771540	-0.000036	0.000000	111.384621
210	1000.000000	112.002529	-1047.855111	125335.528208	0.000280	-0.000000	111.358176
212	1000.000000	-502.211290	-551.219127	122592.443688	-0.000352	-0.000000	111.329437
213	1000.000000	-833.747684	-718.028971	125470.193450	-0.001480	-0.000000	111.341505
214	1000.000000	966.405918	-179.337503	121642.643615	0.000515	-0.000000	111.338750
215	1000.000000	-477.528280	-493.727220	123752.453409	-0.000214	-0.000000	111.384236
216	1000.000000	411.141824	528.177407	123029.065237	0.000158	0.000000	111.374752
217	1000.000000	-818.408083	-515.186430	122210.948254	-0.001472	-0.000000	111.346159
218	1000.000000	274.837308	-295.784024	126089.804935	0.000352	-0.000000	111.381035
220	1000.000000	242.009674	108.167071	123412.586843	0.000220	0.000000	111.344568
219	1000.000000	-301.358690	-932.181856	124375.985147	-0.000251	-0.000000	111.369017
222	1000.000000	484.702850	-622.001354	121703.415091	0.000150	-0.000000	111.336863
221	1000.000000	202.453859	-791.730478	124129.789401	0.000189	-0.000000	111.335335
223	1000.000000	-157.772769	567.559954	124552.268883	-0.000092	0.000000	111.381144
224	1000.000000	321.936868	122.143804	125524.712517	0.000393	0.000000	111.390891
225	1000.000000	337.482644	-153.388913	124829.465421	0.000435	0.000000	111.343682
226	1000.000000	-572.002605	765.840765	123304.580344	-0.000398	0.000000	111.366310
228	1000.000000	42.201957	-349.304453	127834.110794	-0.000255	-0.000000	111.416188
227	1000.000000	-1441.706429	483.377859	127623.871514	-0.013161	0.000000	111.457623
229	1000.000000	-14.543054	248.667309	125351.900569	-0.000186	0.000000	111.336682
230	1000.000000	-555.934380	97.234851	126845.505243	-0.000611	-0.000000	111.381124
232	1000.000000	160.857738	-443.052603	125707.334225	-0.000096	-0.000000	111.357399
231	1000.000000	27.272381	747.524276	123258.485123	-0.000128	0.000000	111.368341
233	1000.000000	-948.949881	585.017683	127445.143636	-0.004679	0.000000	111.436062
234	1000.000000	391.202257	-353.949668	126049.672767	0.000552	-0.000000	111.465303
235	1000.000000	520.560844	429.663979	122483.845109	0.000142	0.000000	111.355426
236	1000.000000	-216.652124	-589.701188	123547.180326	0.000060	-0.000000	111.351688
237	1000.000000	450.315459	478.411488	123587.738770	0.000179	0.000000	111.337415
238	1000.000000	211.544711	64.462399	131271.249592	0.000496	-0.000000	111.581526
239	1000.000000	23.112810	297.661064	126957.242798	0.000490	0.000000	111.390996
240	1000.000000	322.819597	444.903861	123731.524554	0.000241	0.000000	111.354004
241	1000.000000	86.586494	-759.028839	123176.238853	0.000196	-0.000000	111.348644
242	1000.000000	526.719738	536.450929	126013.278931	0.000298	0.000000	111.361068
243	1000.000000	-392.512214	446.074479	124524.842370	-0.000555	0.000000	111.353568
244	1000.000000	529.831156	-312.333345	125013.461594	0.000435	-0.000000	111.385391
245	1000.000000	-550.694341	-337.984248	128726.017273	-0.001480	-0.000000	111.586933
246	1000.000000	-366.750486	-180.422187	125565.439798	-0.000739	-0.000000	111.432622
247	1000.000000	-1016.113267	-652.832917	125220.110654	-0.001603	-0.000000	111.338737
248	1000.000000	-135.099882	3.836022	125794.631741	-0.000566	-0.000000	111.484067
249	1000.000000	1291.364017	-73.523422	126457.474964	0.016177	0.000000	111.442953
250	1000.000000	-690.257482	-394.749045	124293.812198	-0.000865	-0.000000	111.349081
251	1000.000000	121.079462	-464.876814	125776.548712	0.000493	-0.000000	111.366948
252	1000.000000	-316.270647	105.576166	126565.344967	-0.000275	0.000000	111.396447
254	1000.000000	246.247628	51.003366	123097.174192	-0.000051	-0.000000	111.355181
253	1000.000000	760.414006	442.326188	122132.952887	0.000350	0.000000	111.332778
255	1000.000000	-132.375571	92.288860	124501.569511	0.000135	0.000000	111.363921
256	1000.000000	372.180765	-703.708498	123813.932920	0.000037	-0.000000	111.356056
257	1000.000000	71.242186	-148.342806	124523.292788	0.000188	0.000000	111.357774
258	1000.000000	1698.580759	-208.354279	125627.300958	0.019160	-0.000000	111.370409
259	1000.000000	-573.003364	70.740058	125530.529843	-0.001117	0.000000	111.346332
260	1000.000000	893.086055	446.595717	125935.337341	0.001567	0.000000	111.355769
261	1000.000000	354.921443	-1166.055720	125963.859472	0.000204	-0.000000	111.388396
263	1000.000000	10.305330	-17.202181	121763.325919	-0.000092	0.000000	111.340346
262	1000.000000	-38.688253	705.942720	124961.085115	0.000219	0.000000	111.408268
264	1000.000000	622.849312	374.809554	124167.823002	0.001010	0.000000	111.360346
266	1000.000000	256.414056	-229.457999	125710.101107	0.000345	-0.000000	111.343603
265	1000.000000	1081.178590	-527.705649	129980.127519	0.005919	-0.000000	111.591852
267	1000.000000	-274.513729	370.894964	124978.867002	-0.000577	0.000000	111.338219
268	1000.000000	351.653377	367.984276	125022.217372	0.000158	0.000000	111.382867
269	1000.000000	457.793925	-161.121552	123333.644244	0.000429	-0.000000	111.337180
271	1000.000000	190.567309	-56.963827	125094.654420	0.000091	0.000000	111.458447
270	1000.000000	412.025606	721.985104	124034.586970	0.000090	0.000000	111.350005
272	1000.000000	-71.588207	586.683187	122280.147215	-0.000141	0.000000	111.344206
273	1000.000000	238.414858	-35.000453	127868.825946	0.000004	-0.000000	111.462941
274	1000.000000	-169.721304	-0.246629	126604.243384	-0.000448	0.000000	111.441396
275	1000.000000	343.654221	-678.197030	128712.952265	0.000599	-0.000000	111.585776
276	1000.000000	866.715305	686.457704	128254.063023	0.003568	0.000000	111.602137
277	1000.000000	-413.966421	30.771701	125158.832793	-0.000456	0.000000	111.340140
278	1000.000000	-222.190567	-321.074306	125132.954074	-0.000473	-0.000000	111.345379
279	1000.000000	373.134614	-213.360441	122254.857021	0.000231	0.000000	111.337399
282	1000.000000	-50.266946	-112.962113	126901.978875	-0.000047	-0.000000	111.396202
280	1000.000000	-65.009390	274.793062	127562.997163	0.000215	0.000000	111.422315
281	1000.000000	880.263121	-86.409351	125523.652964	0.002738	-0.000000	111.417645
283	1000.000000	-442.045540	-167.300528	123040.546538	-0.000585	-0.000000	111.367261
285	1000.000000	-316.780745	-64.253271	122646.719746	-0.000016	0.000000	111.336057
284	1000.000000	249.687358	-276.809375	124921.328566	-0.000039	-0.000000	111.392362
286	1000.000000	652.160246	-703.532591	126354.272339	0.000573	-0.000000	111.386770
289	1000.000000	-443.184124	-525.173423	126141.519941	-0.000244	-0.000000	111.359542
287	1000.000000	307.132720	-1666.899483	124890.099890	0.000564	-0.000000	111.422374
288	1000.000000	1122.651876	-228.259092	129045.880768	0.003947	-0.000000	111.472233
290	1000.000000	90.112218	-631.297901	122636.600606	0.000241	-0.000000	111.344804
291	1000.000000	66.787395	662.779917	123350.696326	0.000072	0.000000	111.349482
292	1000.000000	666.007258	-335.014540	122837.097384	0.000353	-0.000000	111.360755
293	1000.000000	-520.198575	834.149765	125032.208159	-0.000920	0.000000	111.398234
294	1000.000000	-803.926182	169.491461	123656.078584	-0.001944	0.000000	111.345934
295	1000.000000	-996.157311	-165.156682	124585.791040	-0.003220	-0.000000	111.365747
296	1000.000000	-29.338704	-533.398514	125828.623194	-0.000053	-0.000000	111.378807
297	1000.000000	831.462388	-427.641816	125137.394916	0.001054	-0.000000	111.351648
298	1000.000000	51.542909	386.994268	125539.762250	0.000073	0.000000	111.360985
299	1000.000000	-358.360273	423.670501	145179.719219	-0.000159	0.000000	140.102186
300	1000.000000	945.371965	-130.606370	144386.971697	0.002231	-0.000000	130.625183
302	1000.000000	-63.788274	-320.381839	121755.742877	0.000082	-0.000000	111.338840
301	1000.000000	-691.920713	359.919504	125126.506953	-0.000568	0.000000	111.376938
303	1000.000000	-386.080334	-14.406776	124557.956820	-0.000308	-0.000000	111.406304
304	1000.000000	131.288227	589.583042	121648.724007	0.000087	0.000000	111.336242
305	1000.000000	-35.956694	37.581571	125391.764667	-0.000408	0.000000	111.383596
306	1000.000000	706.452188	151.331576	124127.471046	0.000596	-0.000000	111.353109
307	1000.000000	-667.319124	-1209.921309	122542.212845	-0.000277	-0.000000	111.341921
310	1000.000000	-168.885657	-227.311902	124937.600733	-0.000078	0.000000	111.339266
308	1000.000000	1137.222044	308.817558	122735.162347	0.002831	0.000000	111.336663
309	1000.000000	162.129729	-525.773971	125919.008580	0.000305	-0.000000	111.383422
312	1000.000000	199.945954	183.603167	122676.413670	0.000187	0.000000	111.369168
311	1000.000000	-390.232327	284.577573	125830.693955	-0.000663	0.000000	111.410343
313	1000.000000	-594.399926	-274.924242	124199.615893	-0.000252	-0.000000	111.369791
314	1000.000000	403.785168	17.178628	125405.746956	0.000267	0.000000	111.381782
315	1000.000000	106.091597	-225.248336	125855.845589	-0.000009	-0.000000	111.347819
316	1000.000000	289.715584	-99.547118	125339.156564	-0.000029	-0.000000	111.345219
317	1000.000000	-101.990013	537.524322	125241.524701	-0.000172	0.000000	111.345391
318	1000.000000	137.226066	567.409515	122917.607855	-0.000053	0.000000	111.349606
319	1000.000000	-531.367649	1115.400012	123863.846627	-0.000715	0.000000	111.336741
320	1000.000000	455.160972	557.134858	123551.621770	0.000196	0.000000	111.397776
321	1000.000000	381.596742	86.387045	122386.140776	0.000367	0.000000	111.337430
322	1000.000000	-83.314323	-813.658347	125978.634144	0.000172	-0.000000	111.376599
323	1000.000000	-392.086967	773.988915	124068.197902	-0.000330	0.000000	111.334820
324	1000.000000	-180.290395	-493.381596	125889.881630	-0.000145	-0.000000	111.467637
325	1000.000000	113.495885	-698.146858	123733.836143	-0.000078	-0.000000	111.338602
326	1000.000000	-426.072718	428.727110	137431.123133	-0.000506	0.000000	112.710219
327	1000.000000	339.875705	-518.909567	126045.372351	0.000368	-0.000000	111.410989
328	1000.000000	272.124744	486.836130	124897.583580	0.000064	0.000000	111.400294
329	1000.000000	-327.785575	-96.493168	124894.497765	-0.000306	-0.000000	111.341361
330	1000.000000	-676.166892	-198.220463	126414.909709	-0.000482	-0.000000	111.367000
332	1000.000000	435.255716	-347.332269	122929.558933	0.000219	-0.000000	111.340982
331	1000.000000	454.023333	-828.918632	124135.028268	0.000215	-0.000000	111.354239
333	1000.000000	575.526155	593.087548	123483.830259	0.000277	0.000000	111.370564
334	1000.000000	627.700473	-167.037503	121922.233979	0.000334	-0.000000	111.335252
335	1000.000000	-517.908535	135.393378	136996.828931	-0.001037	0.000000	112.379697
336	1000.000000	25.769227	874.989332	124533.666198	0.000156	0.000000	111.360240
337	1000.000000	1336.735794	-579.555263	123351.711124	0.012437	-0.000000	111.370713
338	1000.000000	276.395965	442.457443	126838.774831	0.000846	0.000000	111.414779
339	1000.000000	-107.839726	169.301089	125504.129886	-0.000125	0.000000	111.355974
340	1000.000000	171.388347	-134.301178	124118.193976	0.000120	0.000000	111.358947
341	1000.000000	831.078806	-74.025339	123536.927606	0.001414	0.000000	111.363743
342	1000.000000	539.576609	388.816500	125006.217356	0.000693	0.000000	111.368563
343	1000.000000	-462.619628	19.620070	126311.116994	-0.001206	-0.000000	111.363562
344	1000.000000	604.155814	-337.064337	124077.213895	0.000710	-0.000000	111.378996
345	1000.000000	175.096770	-690.033775	122581.394534	0.000294	-0.000000	111.332395
348	1000.000000	141.485856	811.107138	123632.766151	0.000021	0.000000	111.350653
346	1000.000000	287.259308	578.542950	127103.500051	0.000795	0.000000	111.392852
347	1000.000000	45.658225	-1187.099637	124363.531227	0.000078	-0.000000	111.417307
349	1000.000000	-339.486716	1.618114	121768.014135	-0.000288	-0.000000	111.336518
351	1000.000000	73.318009	-300.025261	123182.484232	-0.000066	0.000000	111.343125
350	1000.000000	-103.131964	-1161.026445	123530.441362	0.000215	-0.000000	111.365746
352	1000.000000	-0.565020	-459.034990	122719.139546	0.000003	-0.000000	111.332150
353	1000.000000	-745.752266	-308.673173	122732.417698	-0.000553	-0.000000	111.346702
355	1000.000000	111.194931	220.535366	124509.689719	0.000066	0.000000	111.416197
354	1000.000000	474.643164	-1011.757491	124897.903822	0.001041	-0.000000	111.380031
356	1000.000000	375.318380	724.731529	125225.183467	0.000168	0.000000	111.403864
357	1000.000000	-341.342272	-1146.951360	122233.819950	-0.000150	-0.000000	111.343303
358	1000.000000	41.163311	166.278747	123292.542375	0.000126	0.000000	111.355630
360	1000.000000	-449.051436	241.416649	125638.413350	-0.000277	0.000000	111.452850
359	1000.000000	582.605369	-241.050979	126636.512609	0.000530	-0.000000	111.394638
361	1000.000000	-154.201235	-445.638339	123810.604385	-0.000065	-0.000000	111.344999
362	1000.000000	-353.995450	132.563696	127627.095285	-0.001005	0.000000	111.452019
363	1000.000000	-142.571446	590.930051	123427.375575	-0.000415	0.000000	111.348985
364	1000.000000	570.812382	466.390203	126525.930538	0.000506	0.000000	111.501625
365	1000.000000	269.694450	1647.592191	124521.916117	0.000055	0.000000	111.347192
366	1000.000000	-1298.846020	-980.139098	123864.695978	-0.003723	-0.000000	111.354600
367	1000.000000	-404.411434	44.232810	123486.841148	-0.000377	0.000000	111.383026
369	1000.000000	-33.467048	-253.354224	121754.523408	0.000138	-0.000000	111.334025
368	1000.000000	-507.463785	205.507145	127883.013612	-0.000879	0.000000	111.435696
370	1000.000000	-334.895029	707.261065	124528.463478	-0.000120	0.000000	111.340000
371	1000.000000	-524.809675	-31.277395	123213.991393	-0.000603	0.000000	111.354614
373	1000.000000	-293.427203	-160.098230	125808.222392	-0.000203	-0.000000	111.353532
372	1000.000000	556.934362	-1290.372563	124258.289457	0.001369	-0.000000	111.359465
374	1000.000000	-219.304826	119.814909	124873.601513	-0.000030	0.000000	111.334775
375	1000.000000	-111.351846	596.765383	136538.123500	0.000260	0.000000	112.707715
377	1000.000000	111.747136	-855.122625	125163.889157	0.000129	-0.000000	111.363019
376	1000.000000	-313.028319	-792.781119	124106.008647	-0.000322	-0.000000	111.380624
378	1000.000000	-60.486611	215.751345	125498.400014	0.000056	0.000000	111.382211
379	1000.000000	193.302496	648.002500	121779.630154	0.000055	0.000000	111.334222
380	1000.000000	-339.189751	-593.113778	122655.720365	-0.000052	-0.000000	111.366236
382	1000.000000	139.651513	-381.508563	128310.052941	0.000153	-0.000000	111.485263
381	1000.000000	-752.211662	-490.103181	124495.127778	-0.001544	-0.000000	111.383236
383	1000.000000	678.731066	38.853031	135539.729801	0.003719	0.000000	112.237183
385	1000.000000	-335.769674	1049.563566	124726.461988	-0.000320	0.000000	111.338536
386	1000.000000	307.661508	-977.515345	123429.233728	0.000327	-0.000000	111.345667
384	1000.000000	-1560.336260	-683.715606	127808.986100	-0.016001	-0.000000	111.497229
387	1000.000000	881.156715	369.687452	122684.584707	0.001550	0.000000	111.339421
390	1000.000000	-305.577238	23.889655	122377.544469	-0.000300	0.000000	111.338364
389	1000.000000	333.912587	388.961788	123630.368879	0.000439	0.000000	111.386055
388	1000.000000	928.415460	-409.774080	125732.159088	0.001281	-0.000000	111.392141
391	1000.000000	-661.928405	50.345053	127863.955848	-0.000872	-0.000000	111.563247
392	1000.000000	74.624651	86.484782	126807.472143	-0.000181	0.000000	111.378888
393	1000.000000	-247.445694	53.709023	124769.331690	-0.000135	0.000000	111.362387
394	1000.000000	-224.587686	-527.221158	125143.688605	-0.000579	-0.000000	111.401295
396	1000.000000	1099.085381	1017.047624	124878.404353	0.001774	0.000000	111.337144
397	1000.000000	-565.739342	-650.938197	125354.155353	-0.001096	-0.000000	111.350509
395	1000.000000	317.594352	909.941449	126399.061510	0.000931	0.000000	111.399126
398	1000.000000	-220.744329	389.892810	125459.247586	-0.000165	0.000000	111.343919
399	1000.000000	487.258792	-405.492043	124613.438800	0.000619	-0.000000	111.384344
400	1000.000000	-334.470137	263.808865	124367.723517	-0.000389	0.000000	111.344890
401	1000.000000	253.212227	792.017301	121920.821846	-0.000031	0.000000	111.342605
402	1000.000000	-696.500481	-859.320029	127204.336312	-0.000653	-0.000000	111.547509
404	1000.000000	143.003710	-92.568249	122328.693361	-0.000089	-0.000000	111.338410
403	1000.000000	-50.889264	-863.636772	125324.307545	-0.000018	-0.000000	111.386506
405	1000.000000	-57.006551	-1438.772110	124240.766580	0.000092	-0.000000	111.362907
406	1000.000000	-230.034480	1170.941069	125946.500343	-0.000309	0.000002	111.456816
408	1000.000000	-185.619175	-404.625275	122813.637246	-0.000298	-0.000000	111.355392
409	1000.000000	313.546961	530.307848	122864.307453	0.000096	0.000000	111.335017
407	1000.000000	-845.155856	368.994864	124260.386613	-0.001282	0.000000	111.364588
410	1000.000000	873.638168	-1227.128600	122269.661316	0.000614	-0.000000	111.346716
412	1000.000000	66.566382	-231.024403	124860.602288	-0.000134	-0.000000	111.336059
411	1000.000000	-585.044659	533.077219	122651.984034	-0.000641	0.000000	111.342040
413	1000.000000	-290.238641	151.163718	126078.497120	-0.000202	0.000000	111.363310
414	1000.000000	-55.275603	-1118.182221	123363.069270	0.000101	-0.000000	111.339435
416	1000.000000	62.919656	-44.696331	131942.365217	-0.000261	-0.000000	111.630157
417	1000.000000	508.064394	255.094982	125629.798938	0.000183	0.000000	111.347749
415	1000.000000	-1180.597965	407.613452	123675.404171	-0.006890	0.000000	111.360096
418	1000.000000	-410.896648	179.562905	124419.559289	-0.000473	-0.000000	111.352000
420	1000.000000	-65.278916	703.716335	121882.136679	-0.000133	0.000000	111.337481
419	1000.000000	566.947776	-423.024908	125150.832419	0.001549	-0.000000	111.383229
421	1000.000000	-344.457898	-393.100747	128866.347328	-0.001161	-0.000000	111.598565
422	1000.000000	-82.867731	1100.622590	122750.216593	-0.000189	0.000000	111.357426
423	1000.000000	485.507882	434.499993	124475.211500	0.000578	0.000000	111.379278
424	1000.000000	64.162139	294.018369	124570.728076	0.000230	0.000000	111.364582
425	1000.000000	-374.921863	316.114017	124773.854721	-0.000219	0.000000	111.367767
426	1000.000000	149.274763	639.243269	123789.364454	0.000325	0.000000	111.350037
428	1000.000000	-29.453334	-253.437325	123883.010039	0.000041	-0.000000	111.354093
427	1000.000000	361.896116	106.113975	126223.985992	0.000253	-0.000000	111.364453
429	1000.000000	1001.945265	586.303646	129965.599743	0.004581	0.000000	111.724624
430	1000.000000	130.566919	-1027.266800	126055.300012	-0.000096	-0.000000	111.441068
432	1000.000000	-257.185467	-423.240910	125943.297935	-0.000008	-0.000000	111.385194
431	1000.000000	-135.471192	-735.769589	126663.664358	0.000075	-0.000000	111.417446
434	1000.000000	-398.655929	-90.196502	127464.091169	-0.000109	-0.000000	111.405207
433	1000.000000	1103.727314	-839.034217	127101.023958	0.002682	-0.000000	111.449060
435	1000.000000	81.593116	121.006676	125004.800588	0.000116	0.000000	111.358847
436	1000.000000	835.111534	-314.649648	124193.443433	0.001665	-0.000000	111.343933
437	1000.000000	-433.141816	-1071.633079	123310.633285	-0.000483	-0.000000	111.347588
438	1000.000000	-225.159273	606.351014	126865.624215	-0.000424	0.000000	111.399604
439	1000.000000	-1.752072	-517.158070	125869.669322	-0.000351	-0.000000	111.353246
440	1000.000000	646.574629	-618.115285	122754.359715	0.000935	-0.000000	111.362507
442	1000.000000	-110.696610	-246.842405	124059.562587	-0.000039	-0.000000	111.338489
441	1000.000000	398.610328	600.614849	126735.037341	0.000281	0.000000	111.398116
443	1000.000000	-29.790717	-410.442525	123177.497315	-0.000069	-0.000000	111.348228
444	1000.000000	831.289605	93.522497	123608.781467	0.000526	0.000000	111.354840
446	1000.000000	277.970463	-302.875494	124130.214810	-0.000039	-0.000000	111.347621
445	1000.000000	-494.268702	724.508909	122071.152287	-0.000135	0.000000	111.347441
448	1000.000000	148.579398	17.140859	122934.371076	-0.000025	0.000000	111.336033
447	1000.000000	-167.883948	-823.628662	125068.207383	-0.000099	-0.000000	111.366116
449	1000.000000	918.027057	100.370857	124330.504218	0.002220	0.000000	111.378896
450	1000.000000	-191.927555	-877.116184	123020.218765	-0.000184	-0.000000	111.373149
452	1000.000000	-530.797532	-167.557968	123193.554048	-0.000611	-0.000000	111.351889
451	1000.000000	-999.399135	-526.346112	128972.235769	-0.002256	-0.000000	111.675781
453	1000.000000	694.801368	-720.157523	124970.478380	0.001020	-0.000000	111.339855
454	1000.000000	276.829602	573.533088	122095.463762	0.000274	0.000000	111.343107
455	1000.000000	-273.590634	44.101256	125172.119372	-0.000137	-0.000000	111.420727
456	1000.000000	222.338934	36.510089	123340.414233	-0.000075	0.000000	111.338211
457	1000.000000	766.410671	745.122278	125704.957564	0.001715	0.000000	111.393088
458	1000.000000	492.799162	463.398242	132684.520735	0.000826	0.000000	111.842658
459	1000.000000	1103.790821	-554.428748	122597.258795	0.000815	-0.000000	111.334211
460	1000.000000	-518.415223	42.425086	124784.842094	-0.000714	-0.000000	111.359227
462	1000.000000	129.385085	-144.766066	122949.794612	0.000242	-0.000000	111.338979
461	1000.000000	200.256377	-313.733936	128227.398509	0.000286	-0.000000	111.571968
463	1000.000000	167.637830	824.395877	124194.511084	-0.000000	0.000000	111.414770
464	1000.000000	183.353070	64.293698	121756.655260	0.000280	0.000000	111.336298
465	1000.000000	-59.397289	204.978095	123162.911596	-0.000191	0.000000	111.335885
466	1000.000000	-207.447400	-407.854639	126384.352271	-0.000093	-0.000000	111.416094
467	1000.000000	-832.263008	442.179628	122713.459240	-0.000466	0.000000	111.342006
468	1000.000000	861.035667	166.758959	131190.603108	0.003556	-0.000000	111.604904
469	1000.000000	-1109.838430	1204.696118	126231.195581	-0.002075	0.000000	111.375217
470	1000.000000	-881.822171	473.106103	123890.152546	-0.001394	0.000000	111.345652
471	1000.000000	1612.268879	42.657147	127332.302954	0.017097	-0.000000	111.423897
473	1000.000000	94.753900	159.925128	125391.192014	0.000168	0.000000	111.377278
472	1000.000000	1333.546643	721.887190	125445.546107	0.014039	0.000000	111.341960
474	1000.000000	-195.827840	496.750230	122272.579815	-0.000112	0.000000	111.337768
475	1000.000000	-599.046705	-368.352419	127246.007098	-0.000601	-0.000000	111.440793
476	1000.000000	194.134164	-410.133850	124617.873096	0.000219	-0.000000	111.343583
477	1000.000000	-824.979517	25.194409	123173.261146	-0.001650	0.000000	111.360169
478	1000.000000	525.127681	106.815513	123887.802668	0.000281	0.000000	111.348735
479	1000.000000	249.214059	162.191437	125347.976185	0.000247	0.000000	111.388933
480	1000.000000	-254.710459	-599.388683	122629.496822	-0.000167	-0.000000	111.353563
481	1000.000000	-336.875774	347.088405	131258.607993	-0.000615	0.000000	111.708206
482	1000.000000	65.848923	296.839997	125401.535824	0.000469	0.000000	111.371471
483	1000.000000	555.333104	-76.479807	125458.316308	0.001190	-0.000000	111.335846
484	1000.000000	-162.108940	200.595297	125623.294991	0.000039	-0.000000	111.401508
485	1000.000000	84.359646	-496.831822	124248.613463	-0.000118	-0.000000	111.399371
486	1000.000000	-471.504483	-35.701322	125904.234867	-0.000964	-0.000000	111.399463
487	1000.000000	-116.127942	290.081945	124591.593564	-0.000186	0.000000	111.352910
488	1000.000000	-1226.939588	-255.540081	122712.404139	-0.001784	-0.000000	111.340422
489	1000.000000	170.979959	688.657405	124720.373470	0.000004	0.000000	111.369801
490	1000.000000	-325.515967	-482.467657	124769.265822	-0.000061	-0.000000	111.367575
491	1000.000000	650.274799	-608.688379	124100.389175	0.001531	-0.000000	111.397007
492	1000.000000	958.960156	118.166486	122852.335552	0.000841	0.000000	111.334904
493	1000.000000	11.939429	-298.639100	124201.819595	-0.000209	-0.000000	111.336652
495	1000.000000	324.171039	551.305029	124799.901387	0.000104	0.000000	111.363437
494	1000.000000	-127.018261	-546.136016	124352.318148	-0.000300	-0.000000	111.373275
496	1000.000000	1065.487550	109.218967	127000.195100	0.002771	0.000000	111.456607
497	1000.000000	-619.399760	522.579253	126347.460322	-0.001853	0.000000	111.379282
498	1000.000000	-528.050908	91.143828	124273.467508	-0.000146	0.000000	111.339837
499	1000.000000	216.584718	443.580334	123344.671546	0.000143	0.000000	111.342023
500	1000.000000	-76.797740	-395.701943	122950.433681	0.000079	-0.000000	111.328300
501	1000.000000	-314.097804	-407.186309	123754.558377	-0.000220	-0.000000	111.342106
502	1000.000000	-13.353685	-277.991068	125715.739740	-0.000021	-0.000000	111.374800
503	1000.000000	-98.410203	-350.728918	124862.495302	-0.000379	-0.000000	111.344604
504	1000.000000	-230.880502	-204.443116	126431.379772	-0.000310	0.000000	111.398658
505	1000.000000	20.254962	-27.939187	122891.075007	-0.000086	0.000000	111.333368
506	1000.000000	-146.312525	-358.073820	122638.312421	-0.000194	-0.000000	111.342808
507	1000.000000	-368.816720	325.782130	123648.184576	-0.000270	0.000000	111.366690
508	1000.000000	1236.617139	-879.186713	124068.490400	0.002336	-0.000000	111.341629
509	1000.000000	-829.183065	-568.802766	127050.441734	-0.002742	-0.000000	111.410971
510	1000.000000	175.368530	268.275705	136105.448041	-0.000065	0.000000	112.184580
511	1000.000000	-354.113709	312.065957	125011.169211	-0.000709	0.000000	111.444053
513	1000.000000	188.349022	-98.417288	125156.112421	-0.000034	-0.000000	111.340360
512	1000.000000	-40.869593	524.042284	124935.091599	-0.000323	0.000000	111.376948
514	1000.000000	399.137647	93.539361	122827.446721	0.000191	0.000000	111.373249
515	1000.000000	-326.288749	142.254615	125528.214820	-0.000538	0.000000	111.345809
516	1000.000000	-910.264736	-177.647731	127142.320939	-0.002255	0.000000	111.448153
517	1000.000000	-527.510123	73.925334	124804.346366	-0.000356	-0.000000	111.339759
518	1000.000000	246.911468	688.439720	125328.028927	0.000122	0.000000	111.424133
519	1000.000000	-259.022985	-386.165585	125297.645784	-0.000379	-0.000000	111.339628
520	1000.000000	-164.372783	-66.741419	122984.200680	-0.000158	-0.000000	111.336641
521	1000.000000	-115.597280	-573.601146	122903.844341	-0.000042	-0.000000	111.334242
522	1000.000000	-110.693456	128.827229	123327.409470	0.000141	0.000000	111.355127
524	1000.000000	285.509664	349.956513	127760.337994	0.000425	0.000000	111.462954
523	1000.000000	700.091718	1108.228796	125359.754320	0.000773	0.000000	111.402897
525	1000.000000	619.800487	242.675921	125567.718769	0.000693	0.000000	111.372091
526	1000.000000	282.417726	1050.255015	126770.131155	0.000862	0.000000	111.489529
527	1000.000000	-211.545128	-144.452798	122553.635249	0.000034	-0.000000	111.332719
528	1000.000000	449.322031	-197.565775	124791.685412	0.000538	0.000000	111.391335
531	1000.000000	163.536023	-254.853062	122488.602536	0.000004	-0.000000	111.336903
530	1000.000000	8.344059	-312.045448	121750.342522	0.000018	-0.000000	111.337992
529	1000.000000	1112.537433	-78.250832	125812.143469	0.004034	0.000000	111.423554
532	1000.000000	846.493570	-746.621444	122726.436025	0.000638	-0.000000	111.351783
535	1000.000000	83.082003	-5.691116	127302.648533	-0.000074	0.000000	111.456527
534	1000.000000	255.222651	100.036656	122638.245671	0.000078	0.000000	111.348672
533	1000.000000	-731.774880	-57.045991	126094.621576	-0.001211	-0.000000	111.377319
536	1000.000000	-138.546295	-20.091360	125745.144655	-0.000428	-0.000000	111.369264
537	1000.000000	-487.051258	215.844645	126638.301529	-0.000500	0.000000	111.376094
538	1000.000000	-293.136992	-818.128690	125598.849442	-0.000301	-0.000000	111.361361
539	1000.000000	-457.885569	208.728184	125152.048343	-0.000328	0.000000	111.346580
540	1000.000000	696.708366	-73.571602	133634.705593	0.001262	-0.000000	111.794390
542	1000.000000	671.989753	106.790729	125190.922640	0.002639	0.000000	111.384178
541	1000.000000	149.986873	-894.201432	124674.829658	0.000331	-0.000000	111.377570
543	1000.000000	-76.263055	1310.596520	123881.482011	-0.000118	0.000000	111.364373
546	1000.000000	-159.699144	-120.907116	129068.177303	-0.000218	0.000000	111.492727
544	1000.000000	1045.204267	-89.984085	125941.291565	0.001558	-0.000000	111.353614
547	1000.000000	-489.241563	698.765803	123646.431505	-0.000232	0.000000	111.338377
545	1000.000000	-1051.219870	-61.920447	131105.905070	-0.004778	0.000000	111.866063
548	1000.000000	-332.081369	-82.842815	123406.369498	-0.000358	-0.000000	111.355055
549	1000.000000	105.870350	-531.812695	125627.096079	-0.000106	-0.000000	111.352701
550	1000.000000	868.230505	-1301.316084	123204.367271	0.002193	-0.000000	111.345639
551	1000.000000	198.526982	602.299935	126947.968089	0.000097	0.000000	111.393684
553	1000.000000	-228.479862	-622.278105	126154.940788	-0.000053	-0.000000	111.368049
552	1000.000000	-377.157482	-1242.086590	125671.000465	-0.000568	-0.000000	111.351378
554	1000.000000	-544.422585	537.206393	122639.460060	-0.000798	0.000000	111.356686
555	1000.000000	-517.471018	-179.834812	129650.014829	-0.001783	-0.000000	111.491079
556	1000.000000	72.490110	-601.843876	123496.338926	0.000087	-0.000000	111.339156
557	1000.000000	544.355122	470.006803	122100.724582	0.000153	0.000000	111.329471
558	1000.000000	495.664112	-129.533728	124535.667266	0.001150	-0.000000	111.360710
559	1000.000000	-196.658591	802.172845	123570.865282	-0.000203	0.000000	111.337470
560	1000.000000	-309.608785	-401.423554	125534.379513	-0.000172	-0.000000	111.407944
561	1000.000000	668.235438	260.453647	124124.905712	0.001276	0.000000	111.366106
562	1000.000000	-69.585529	3.442237	127802.750436	0.000250	-0.000000	111.507382
563	1000.000000	301.572715	63.209167	122326.555792	-0.000011	0.000000	111.349897
564	1000.000000	642.129793	-172.309577	121911.527949	0.000563	-0.000000	111.343576
566	1000.000000	-252.206438	47.046252	125820.872908	-0.000078	0.000000	111.467994
565	1000.000000	449.403743	-1006.487872	123524.646869	0.000295	-0.000000	111.340945
567	1000.000000	-38.359834	211.885216	123612.176593	0.000163	0.000000	111.356290
569	1000.000000	-757.758655	194.303115	123373.110814	-0.000387	0.000000	111.358710
568	1000.000000	29.891855	-976.799203	126479.453154	0.000337	-0.000000	111.390404
570	1000.000000	700.725473	61.077553	123860.357791	0.000857	-0.000000	111.330593
571	1000.000000	-1377.340513	-417.862733	123567.909378	-0.002296	-0.000000	111.362828
572	1000.000000	-213.396057	-166.383341	122015.801692	-0.000427	-0.000000	111.341782
573	1000.000000	-729.611633	1304.705364	125380.355209	-0.002512	0.000000	111.382313
574	1000.000000	-520.375275	919.616485	127423.933982	-0.000497	0.000000	111.531862
575	1000.000000	-311.261499	-95.070884	123058.905187	-0.000130	-0.000000	111.366066
576	1000.000000	392.625654	-149.507487	124848.737260	0.000820	-0.000000	111.358239
577	1000.000000	633.113198	-443.365507	122187.853891	0.001009	-0.000000	111.342651
578	1000.000000	323.657417	-96.932834	128858.887829	0.000343	-0.000000	111.460661
579	1000.000000	-109.647172	-326.035614	124509.127043	0.000107	-0.000000	111.350110
580	1000.000000	722.614233	218.209317	124792.412990	0.000917	0.000000	111.344379
582	1000.000000	-202.643248	-97.940906	122576.258364	-0.000003	0.000000	111.334891
581	1000.000000	924.574342	1001.135141	126283.351790	0.007067	0.000000	111.377025
583	1000.000000	423.976639	-475.068790	122765.990681	0.000470	-0.000000	111.359502
585	1000.000000	-297.901528	-322.829823	129401.952506	-0.000934	-0.000000	111.499400
584	1000.000000	665.365840	-1613.249211	126578.960622	0.000649	-0.000019	111.400392
587	1000.000000	131.001651	96.335701	124582.557860	0.000283	0.000000	111.340752
586	1000.000000	399.581698	1170.588257	124715.346794	0.000964	0.000000	111.387665
588	1000.000000	188.076988	266.714058	122210.883646	0.000303	0.000000	111.346694
589	1000.000000	161.838001	3.864220	123176.749109	0.000307	-0.000000	111.365614
590	1000.000000	-265.161717	516.185162	125771.451018	-0.000609	0.000000	111.347604
591	1000.000000	88.154170	911.271175	124319.658065	-0.000209	0.000000	111.412449
592	1000.000000	234.837201	-482.410265	125494.271300	-0.000057	-0.000000	111.347737
593	1000.000000	326.752352	526.363418	124136.088156	0.000324	0.000000	111.335443
594	1000.000000	-841.064760	258.256679	132955.059512	-0.013424	0.000000	111.713144
595	1000.000000	525.284266	-540.022387	144424.775153	0.001563	-0.000000	132.815674
596	1000.000000	-621.374803	-373.388665	125911.868498	-0.000858	-0.000000	111.355502
597	1000.000000	436.477720	198.942371	123638.965535	0.000160	-0.000000	111.339654
599	1000.000000	-608.033956	94.463301	132266.810580	-0.000818	-0.000000	111.959414
601	1000.000000	30.111923	-386.971750	124786.601051	-0.000028	-0.000000	111.364575
598	1000.000000	504.391794	223.089520	129116.142921	0.000658	0.000000	111.536076
600	1000.000000	33.230915	410.266563	127109.843196	0.000096	0.000000	111.386341
602	1000.000000	-142.591026	783.559221	122466.625781	0.000042	0.000000	111.359273
605	1000.000000	-192.812718	76.289666	124608.418184	-0.000212	-0.000000	111.346346
604	1000.000000	479.927430	187.474013	125835.455822	0.000717	0.000000	111.363230
603	1000.000000	1092.930753	405.716057	125004.149310	0.005615	0.000000	111.357475
606	1000.000000	-294.388917	998.106653	123642.243175	-0.000201	0.000000	111.366469
607	1000.000000	383.427520	268.301647	124512.985812	0.000379	0.000000	111.344794
609	1000.000000	-478.933320	255.126787	124915.641025	-0.000953	0.000000	111.414854
608	1000.000000	862.862096	-47.771184	125589.550851	0.001034	-0.000000	111.454684
610	1000.000000	-250.562695	521.713883	132236.158767	-0.001449	0.000000	111.698107
611	1000.000000	584.877179	-548.731116	126584.500343	0.001063	-0.000000	111.387462
612	1000.000000	-283.819537	207.813823	127763.534950	-0.000340	0.000000	111.578805
613	1000.000000	-1019.704842	259.049980	125662.757735	-0.001027	0.000000	111.352774
614	1000.000000	32.771721	-419.099563	125927.165889	-0.000001	-0.000000	111.352905
615	1000.000000	-417.600546	-426.578434	126182.400025	-0.000429	-0.000000	111.389143
616	1000.000000	-431.400653	622.064810	126001.980388	-0.000248	0.000000	111.366900
617	1000.000000	226.031638	244.087690	124115.387956	0.000134	-0.000000	111.346453
618	1000.000000	-382.022775	129.319420	125824.535873	-0.000710	-0.000000	111.395055
621	1000.000000	202.761869	162.191824	121678.442868	-0.000065	0.000000	111.337291
619	1000.000000	851.555670	423.949564	125020.658362	0.002478	0.000000	111.445071
620	1000.000000	736.667199	-1000.415728	125610.646745	0.001668	-0.000000	111.361313
622	1000.000000	-226.697633	-166.042127	129315.455174	0.000194	-0.000000	111.722092
623	1000.000000	-416.568084	621.725179	123695.800234	-0.000684	0.000000	111.337937
624	1000.000000	-1544.999555	-16.532629	123084.406302	-0.008153	0.000000	111.362642
625	1000.000000	295.418320	-252.662472	127582.424622	0.000149	-0.000000	111.456712
626	1000.000000	-235.128493	-546.160657	122120.845506	0.000016	-0.000000	111.348100
627	1000.000000	-369.067537	-130.910296	125107.508543	-0.000414	-0.000000	111.364649
629	1000.000000	-358.224211	-517.939939	122233.119917	-0.000213	-0.000000	111.343348
628	1000.000000	-934.243181	-645.398702	124588.095844	-0.002332	-0.000000	111.392254
630	1000.000000	-120.893364	-347.347405	125192.589369	-0.000070	-0.000000	111.354998
631	1000.000000	655.913112	537.939247	124731.952610	0.000714	0.000000	111.338052
632	1000.000000	569.860723	-417.914526	125842.236674	0.000614	-0.000000	111.488979
634	1000.000000	572.353249	229.608071	124290.281456	0.000585	-0.000000	111.340632
633	1000.000000	-798.932038	-131.460265	124623.497281	-0.001238	-0.000000	111.364786
635	1000.000000	-1171.761539	288.346228	131831.589548	-0.006121	-0.000000	111.925781
636	1000.000000	1261.867427	-702.517235	122937.432717	0.003136	-0.000000	111.338813
637	1000.000000	-224.249030	684.570490	124576.217211	-0.000270	0.000000	111.362891
638	1000.000000	1084.401432	-999.885738	122796.015158	0.000997	-0.000000	111.335621
639	1000.000000	-100.624695	-19.020801	124401.864062	-0.000098	-0.000000	111.400259
641	1000.000000	-343.293955	206.625552	124998.995646	-0.000043	0.000000	111.340142
640	1000.000000	-2.334743	684.838814	124787.464046	0.000210	0.000000	111.364245
642	1000.000000	-815.388133	-94.842299	135933.949799	-0.001722	-0.000000	112.160955
643	1000.000000	-202.700750	49.743321	125716.524640	0.000037	-0.000000	111.390966
644	1000.000000	-973.592164	-611.678844	123680.953354	-0.001292	-0.000000	111.368896
645	1000.000000	-215.432283	-721.273777	122508.758886	-0.000159	-0.000000	111.336244
646	1000.000000	-963.937662	308.651347	128014.574543	-0.002157	0.000000	111.442831
647	1000.000000	-261.890917	234.901237	123949.888322	-0.000288	0.000000	111.367469
649	1000.000000	900.804659	105.642564	125319.849484	0.003288	0.000000	111.355258
648	1000.000000	-162.113443	1340.647587	127754.095002	-0.000372	0.000000	111.436037
650	1000.000000	346.689525	-121.267319	124767.097097	0.000079	-0.000000	111.348591
651	1000.000000	187.693009	-335.323381	123932.012841	0.000314	-0.000000	111.374233
653	1000.000000	238.498822	-42.431670	124433.608022	0.000089	-0.000000	111.345156
652	1000.000000	601.466616	231.498064	125753.314811	0.000560	0.000000	111.371507
654	1000.000000	-47.498245	-165.280605	125520.353410	-0.000212	-0.000000	111.410901
655	1000.000000	715.625103	330.303389	126905.332309	0.000782	0.000000	111.546574
656	1000.000000	102.629028	480.261854	124434.867681	-0.000087	0.000000	111.363199
657	1000.000000	29.709242	-58.712423	125975.319033	-0.000277	-0.000000	111.428550
658	1000.000000	-328.963478	-143.967025	123646.491855	-0.000177	0.000000	111.342470
659	1000.000000	836.731938	-492.371823	123968.450859	0.002002	-0.000000	111.396086
661	1000.000000	-211.596993	107.027958	125122.400060	-0.000336	0.000000	111.353435
660	1000.000000	489.393989	560.233439	124630.634196	0.000122	0.000000	111.338406
662	1000.000000	-225.040310	-564.125044	127954.784164	-0.000435	-0.000000	111.422963
663	1000.000000	316.976871	-715.730036	124216.009554	0.000434	-0.000000	111.364803
665	1000.000000	54.230296	-301.086506	145804.782540	0.000318	-0.000000	138.694683
664	1000.000000	-1088.461806	-453.823875	123320.723487	-0.001020	-0.000000	111.362282
666	1000.000000	-256.276601	140.627563	125525.351199	-0.000318	-0.000000	111.347693
667	1000.000000	-538.759292	182.014920	123582.810138	-0.000748	0.000000	111.392699
668	1000.000000	-879.408553	-1429.322079	122120.247515	-0.000544	-0.000000	111.338621
670	1000.000000	-376.587966	-489.742635	123697.090967	-0.000159	-0.000000	111.355116
669	1000.000000	-587.415671	455.086960	124654.323040	-0.000379	0.000000	111.341546
672	1000.000000	378.375494	-434.689413	122098.731824	0.000143	-0.000000	111.340747
671	1000.000000	527.348808	-716.515086	126060.346028	0.000755	-0.000000	111.367872
674	1000.000000	-88.640647	-457.700327	123146.426631	-0.000267	-0.000000	111.339245
673	1000.000000	42.557267	1710.055926	122322.647467	0.000237	0.000001	111.343120
677	1000.000000	387.270375	620.051701	122361.520675	0.000291	0.000000	111.354005
675	1000.000000	-796.307671	298.618868	125429.323114	-0.001635	0.000000	111.362399
676	1000.000000	-352.555299	-1095.341666	127481.670555	-0.000240	-0.000000	111.506520
678	1000.000000	-198.995139	-1546.443777	123395.698980	-0.000435	-0.000000	111.379745
679	1000.000000	-235.626122	-72.478221	121850.533815	-0.000180	-0.000000	111.344313
681	1000.000000	187.054709	-142.533984	124436.774032	0.000151	-0.000000	111.350390
680	1000.000000	310.222058	-5.472586	124592.541632	0.000310	-0.000000	111.361379
682	1000.000000	127.696791	750.909108	124642.172485	0.000050	0.000000	111.346047
683	1000.000000	-402.057655	282.570046	127415.018267	-0.000915	0.000000	111.497179
686	1000.000000	-21.941062	129.254428	122707.241555	0.000031	0.000000	111.363372
685	1000.000000	-877.003890	-1349.044512	123481.412379	-0.000676	-0.000000	111.349195
684	1000.000000	-667.176791	91.612350	130091.784968	-0.001205	0.000000	111.514668
687	1000.000000	-762.065065	-394.721090	124893.556931	-0.000540	-0.000000	111.368422
688	1000.000000	168.768999	274.955920	126104.593538	0.000132	0.000000	111.384783
689	1000.000000	-344.178754	380.033268	128321.108170	-0.000483	0.000000	111.432903
690	1000.000000	-197.824431	119.216870	128201.328922	-0.000179	0.000000	111.431822
691	1000.000000	-150.427923	-15.546946	126440.079424	-0.000321	-0.000000	111.365014
692	1000.000000	-574.350986	321.797068	124314.703928	-0.000352	0.000000	111.384863
693	1000.000000	984.046517	265.946045	126917.490881	0.003014	0.000000	111.427345
694	1000.000000	-716.405894	30.762059	124698.651372	-0.001811	-0.000000	111.419927
695	1000.000000	-572.446400	-27.433524	122682.124581	-0.000240	-0.000000	111.340189
696	1000.000000	131.953762	-714.643518	126856.202246	0.000797	-0.000000	111.438018
697	1000.000000	-51.945478	376.672524	125597.395877	-0.000276	0.000000	111.376000
698	1000.000000	-1199.409840	184.624479	129041.597677	-0.009319	-0.000000	111.482094
699	1000.000000	-310.372548	209.994289	124134.838625	-0.000255	0.000000	111.339392
700	1000.000000	-589.127247	-483.103972	123662.605399	-0.000327	-0.000000	111.339479
701	1000.000000	519.491203	146.060753	124901.397943	0.000661	-0.000000	111.368499
702	1000.000000	-340.184488	-252.873540	127209.848918	-0.000801	-0.000000	111.476019
703	1000.000000	-780.413015	162.731245	125184.280683	-0.000672	0.000000	111.352693
704	1000.000000	526.326000	619.803967	126212.616913	0.000726	0.000000	111.402310
706	1000.000000	245.485526	583.293203	124806.533925	0.000254	0.000000	111.343932
705	1000.000000	-92.050405	851.342351	125901.333085	-0.000104	0.000000	111.388388
707	1000.000000	944.557161	537.509982	124569.247364	0.002841	0.000000	111.383399
708	1000.000000	-569.507946	-337.571908	125450.454586	-0.000358	-0.000000	111.370228
709	1000.000000	-142.029770	326.965741	122789.845832	-0.000295	0.000000	111.361882
710	1000.000000	467.814033	180.536406	123232.016811	0.000414	-0.000000	111.371869
711	1000.000000	-425.603606	-230.802880	148865.012997	-0.000413	-0.000000	141.456213
712	1000.000000	673.891777	635.569969	125131.666221	0.000503	0.000000	111.389205
713	1000.000000	-773.029466	526.392564	124069.201623	-0.000784	0.000000	111.344555
714	1000.000000	722.898245	347.767819	129024.669553	0.001717	0.000000	111.489144
715	1000.000000	-358.444297	-301.040057	123950.766140	-0.000263	-0.000000	111.388114
716	1000.000000	-218.905768	521.955030	129964.433837	-0.001245	0.000000	111.576574
718	1000.000000	-93.993191	-63.579580	125068.870255	0.000024	-0.000000	111.415857
717	1000.000000	460.445970	-1742.205597	124226.252884	0.000885	-0.000002	111.351166
719	1000.000000	-174.109925	-276.559763	126249.723714	-0.000723	-0.000000	111.424947
721	1000.000000	-164.892735	-966.035370	122589.746033	-0.000182	-0.000000	111.352374
722	1000.000000	299.011089	132.304198	122774.561731	0.000207	-0.000000	111.370962
720	1000.000000	-166.118294	-1441.060294	130900.190569	0.000192	-0.000006	111.720771
723	1000.000000	500.844201	-95.262846	124830.857461	0.000553	0.000000	111.392314
725	1000.000000	-179.114628	132.525694	122475.206560	0.000071	-0.000000	111.352738
724	1000.000000	54.389772	-961.294014	124015.903973	0.000219	-0.000000	111.363863
726	1000.000000	-1006.624692	641.744582	124996.526011	-0.003752	0.000000	111.360345
727	1000.000000	-648.072927	-1226.595501	124461.439616	-0.000587	-0.000000	111.363688
728	1000.000000	863.623891	650.768599	122692.575349	0.001251	0.000000	111.366993
729	1000.000000	-671.234610	1141.802509	123408.249075	-0.000804	0.000000	111.355860
730	1000.000000	-985.318230	346.323321	124680.491269	-0.004137	0.000000	111.381638
731	1000.000000	148.530392	908.014820	126521.898473	-0.000062	0.000000	111.409964
732	1000.000000	-187.501197	933.892271	124150.242441	-0.000414	0.000000	111.345382
733	1000.000000	-16.313705	694.985386	125098.765710	-0.000275	0.000000	111.363689
734	1000.000000	-627.461229	-694.355086	122089.664452	-0.000575	-0.000000	111.348134
735	1000.000000	228.985514	-236.232488	124480.017430	0.000428	-0.000000	111.346611
736	1000.000000	397.231257	97.872578	127017.767079	0.000888	-0.000000	111.386103
737	1000.000000	-578.612340	404.540073	127060.332822	-0.002206	0.000000	111.401545
738	1000.000000	-480.286313	-545.186239	128343.930135	-0.000848	-0.000000	111.443038
739	1000.000000	502.593463	343.081292	123586.055534	0.000180	0.000000	111.347807
740	1000.000000	-618.293121	-506.072005	124834.361103	-0.000791	-0.000000	111.359603
741	1000.000000	-310.181865	-171.633652	123671.865393	-0.000080	0.000000	111.354714
742	1000.000000	226.404798	528.175820	122325.996709	-0.000055	0.000000	111.339911
743	1000.000000	-1859.929727	479.060784	129468.310140	-0.021609	0.000000	111.706119
745	1000.000000	-226.172145	219.968035	124913.021772	0.000055	0.000000	111.343770
744	1000.000000	338.387975	-46.390263	125065.591871	0.000227	0.000000	111.337768
746	1000.000000	-460.643931	57.697682	125071.814475	-0.000380	0.000000	111.344850
747	1000.000000	493.737006	163.528375	123376.990599	0.000234	0.000000	111.337860
748	1000.000000	1571.255379	-395.990264	122460.209792	0.012425	-0.000000	111.336119
749	1000.000000	-1617.149027	390.646245	132086.611016	-0.016001	0.000000	111.692164
750	1000.000000	-420.520003	221.329005	125484.819594	-0.000151	0.000000	111.391474
751	1000.000000	0.933201	-828.965894	123100.756055	-0.000073	-0.000000	111.363626
752	1000.000000	-63.193552	-202.203035	126431.386178	0.000260	-0.000000	111.368780
753	1000.000000	461.364739	-685.079711	123994.393637	0.000577	-0.000000	111.332935
754	1000.000000	1155.002508	225.720720	124236.007438	0.001585	0.000000	111.339366
755	1000.000000	-54.490939	869.070835	122838.747073	-0.000264	0.000000	111.337837
756	1000.000000	-1097.485145	363.027923	123265.210784	-0.001284	0.000000	111.362141
758	1000.000000	-21.538836	428.745523	123110.020653	0.000050	-0.000000	111.340968
757	1000.000000	-195.111040	-215.835207	123299.810190	-0.000201	-0.000000	111.360669
759	1000.000000	-567.192287	411.194812	125139.381412	-0.000480	0.000000	111.347732
760	1000.000000	1.765788	-201.748839	123751.120937	-0.000318	-0.000000	111.366726
762	1000.000000	78.480850	370.368307	123631.310574	-0.000022	0.000000	111.343157
761	1000.000000	-1519.688018	82.471144	126639.188912	-0.009829	0.000000	111.420861
763	1000.000000	-146.061893	-1022.253934	123169.506189	-0.000083	-0.000000	111.346871
764	1000.000000	-175.824044	92.689783	126328.986071	-0.000351	0.000000	111.362544
765	1000.000000	116.691678	267.210359	123602.524511	-0.000054	0.000000	111.352114
766	1000.000000	-635.495462	-184.937552	123927.206139	-0.000315	-0.000000	111.386964
767	1000.000000	289.355788	-772.087384	124595.203572	0.000472	-0.000000	111.367371
769	1000.000000	10.909900	156.476702	127322.899364	0.000194	-0.000000	111.399403
768	1000.000000	804.714058	8.782840	126006.925243	0.002848	0.000000	111.429669
770	1000.000000	-420.370017	563.275229	126389.711832	-0.000722	0.000000	111.399521
771	1000.000000	339.397492	624.089492	128027.498466	0.000149	0.000000	111.487871
772	1000.000000	-545.623870	344.153849	124513.398459	-0.000223	0.000000	111.364358
773	1000.000000	461.562089	-327.453048	123061.572455	0.000565	-0.000000	111.367218
774	1000.000000	297.910333	1063.383490	123907.050882	0.000046	0.000000	111.350942
775	1000.000000	-688.364491	956.700734	122769.146103	-0.000495	0.000000	111.350088
776	1000.000000	-827.605286	40.458122	123281.522173	-0.000828	-0.000000	111.367398
777	1000.000000	394.314417	-1664.817155	124397.374972	0.000315	-0.000000	111.341642
778	1000.000000	-172.767498	276.289615	125392.692061	0.000044	0.000000	111.388923
779	1000.000000	319.131299	-433.339364	124333.255747	0.000029	-0.000000	111.353417
780	1000.000000	205.924485	336.101032	122376.516665	0.000076	0.000000	111.337853
782	1000.000000	267.975029	-57.788456	122581.953781	0.000152	-0.000000	111.341726
781	1000.000000	-56.629174	-585.596695	124755.205460	0.000080	-0.000000	111.390586
783	1000.000000	-329.576690	268.608748	127137.549575	-0.000294	0.000000	111.389662
784	1000.000000	319.193900	50.709838	124111.232447	-0.000006	-0.000000	111.332238
785	1000.000000	52.460308	818.107942	122759.035351	0.000012	0.000000	111.350985
786	1000.000000	686.196747	-407.107724	122197.254813	0.000360	-0.000000	111.336285
787	1000.000000	-254.250000	-565.241029	122393.736677	-0.000099	-0.000000	111.335012
788	1000.000000	-102.172996	-392.212428	126052.222350	-0.000206	-0.000000	111.404859
789	1000.000000	-409.941874	-68.071007	123021.805353	-0.000319	0.000000	111.357057
791	1000.000000	-83.972146	-198.879577	125268.368492	-0.000062	-0.000000	111.343799
790	1000.000000	572.291552	693.985663	133379.890045	0.001212	0.000000	111.838457
792	1000.000000	137.175248	429.978335	124400.612792	0.000235	0.000000	111.351608
793	1000.000000	-298.634822	447.838863	122374.342384	-0.000270	0.000000	111.347123
795	1000.000000	531.273137	-224.581077	125586.702862	0.000744	-0.000000	111.353714
794	1000.000000	-28.863833	-1156.530139	127117.610797	-0.000175	-0.000000	111.456732
796	1000.000000	788.301561	-828.290987	123624.508511	0.001855	-0.000000	111.338428
797	1000.000000	1118.819209	-1031.799270	123744.218735	0.002202	-0.000000	111.382151
799	1000.000000	410.163158	211.071557	125909.972884	0.000357	-0.000000	111.370428
798	1000.000000	-748.579060	-289.504798	126979.701951	-0.004355	-0.000000	111.391476
800	1000.000000	-440.430944	349.489821	135693.998856	-0.001351	0.000000	112.097072
801	1000.000000	257.365820	-717.635734	124988.764017	0.000049	-0.000000	111.334989
802	1000.000000	317.523655	-283.320534	128136.132765	0.000328	-0.000000	111.461704
803	1000.000000	-934.136273	1122.755576	124784.166868	-0.001413	0.000000	111.398860
804	1000.000000	268.302086	417.883923	122627.920996	0.000105	0.000000	111.360653
805	1000.000000	729.175250	1113.835229	122882.252297	0.000721	0.000000	111.361640
806	1000.000000	-327.603456	-1482.618005	124683.513904	-0.000517	-0.000006	111.343367
808	1000.000000	-500.720095	-335.197648	126159.479172	-0.000557	-0.000000	111.366276
807	1000.000000	-638.759716	-524.236071	121990.841363	-0.000816	-0.000000	111.348353
810	1000.000000	-245.505782	-193.492074	126222.023972	-0.000025	-0.000000	111.362808
809	1000.000000	537.691065	-630.080517	125199.837687	0.000894	-0.000000	111.338606
811	1000.000000	322.825627	396.738601	130598.323905	0.000940	0.000000	111.816678
812	1000.000000	779.978944	176.125705	123805.528473	0.000562	0.000000	111.395807
814	1000.000000	-241.186000	425.348207	125474.206432	-0.000243	0.000000	111.344163
813	1000.000000	-1086.397526	-333.698993	123255.910000	-0.000933	-0.000000	111.345378
815	1000.000000	546.862364	273.399035	121647.303241	0.000147	0.000000	111.331622
816	1000.000000	-226.777712	616.792825	122436.140534	0.000021	0.000000	111.333222
818	1000.000000	271.934071	212.199138	140157.242199	0.000079	0.000000	115.432958
817	1000.000000	-37.526274	830.346999	126682.348400	0.000008	0.000000	111.403405
819	1000.000000	33.498385	4.785451	123570.002506	-0.000245	0.000000	111.376621
821	1000.000000	54.677421	181.125455	124592.477513	0.000002	-0.000000	111.333982
820	1000.000000	364.865710	741.853326	125653.402819	0.000598	0.000000	111.362315
822	1000.000000	275.341300	-805.508559	125490.426329	0.000177	-0.000000	111.348113
824	1000.000000	207.441396	-209.452238	139512.707470	0.000701	-0.000000	113.351528
823	1000.000000	-223.193777	230.179586	132162.540516	-0.001161	0.000000	111.938968
826	1000.000000	-72.356614	-834.152889	123821.116188	-0.000133	-0.000000	111.385748
825	1000.000000	-166.802680	-886.555894	124719.220347	-0.000236	-0.000000	111.396622
827	1000.000000	1062.512351	-242.179455	122451.383427	0.000931	-0.000000	111.342049
828	1000.000000	-36.813768	-1193.764014	122228.745901	-0.000179	-0.000000	111.343928
830	1000.000000	85.761435	-335.911519	125626.978880	0.000107	-0.000000	111.362120
829	1000.000000	800.625116	-262.042417	122703.867355	0.000411	-0.000000	111.336730
832	1000.000000	20.771420	461.860832	124906.751152	0.000095	0.000000	111.335359
831	1000.000000	1092.983212	968.841813	126556.651557	0.004982	0.000000	111.375038
833	1000.000000	648.382812	685.347050	121776.868762	0.000271	0.000000	111.337833
834	1000.000000	-84.331661	-429.447081	125174.895745	-0.000115	-0.000000	111.346958
836	1000.000000	54.100093	784.410202	123572.807278	0.000115	0.000000	111.333979
835	1000.000000	985.441511	-319.585478	125216.532377	0.001731	-0.000000	111.352732
837	1000.000000	-144.753348	421.958360	121600.535549	-0.000205	0.000000	111.334443
838	1000.000000	-793.385999	279.280497	122993.745866	-0.000904	0.000000	111.345183
839	1000.000000	-1054.025545	-27.863735	124110.528406	-0.001346	-0.000000	111.360993
840	1000.000000	-704.601295	-280.567417	124548.423249	-0.000966	0.000000	111.333849
841	1000.000000	-588.752544	690.905616	122946.424558	-0.000237	0.000000	111.352142
842	1000.000000	-881.085911	620.282349	123502.337258	-0.000860	0.000000	111.340314
843	1000.000000	-803.146544	-174.572809	122993.145169	-0.000923	-0.000000	111.362802
844	1000.000000	-618.529507	-728.439458	124113.836853	-0.000436	-0.000000	111.355251
845	1000.000000	-54.090269	1040.913634	134861.586334	0.000255	0.000000	112.187639
846	1000.000000	242.403235	339.577048	123998.898654	0.000272	0.000000	111.355292
847	1000.000000	-116.085245	-160.237605	122173.634330	0.000156	-0.000000	111.351461
848	1000.000000	1285.492094	-25.491996	121468.466875	0.002335	0.000000	111.333903
849	1000.000000	-705.826138	737.584511	122668.973709	-0.000348	0.000000	111.330876
851	1000.000000	22.773754	439.509819	126670.968169	-0.000005	0.000000	111.380512
850	1000.000000	-737.704549	534.626496	124613.870178	-0.001728	0.000000	111.393350
852	1000.000000	-105.171907	-209.719914	125866.483311	-0.000147	-0.000000	111.370558
853	1000.000000	769.789376	-187.600744	125724.301704	0.001310	-0.000000	111.441745
854	1000.000000	-798.862366	-466.786399	122218.550123	-0.000722	-0.000000	111.351270
855	1000.000000	-615.849448	187.795377	130501.185238	-0.001532	0.000000	111.738853
856	1000.000000	-395.957898	216.973011	124571.045212	-0.000154	-0.000000	111.364210
857	1000.000000	617.345871	-570.686659	151430.539499	0.000854	-0.000000	145.479720
858	1000.000000	257.727973	226.328902	126491.926967	0.000256	0.000000	111.368396
859	1000.000000	129.989745	656.038442	124568.265082	0.000197	0.000000	111.342084
860	1000.000000	1018.341293	-838.025341	122943.947282	0.001037	-0.000000	111.364322
861	1000.000000	100.484602	-841.017090	125403.718967	0.000145	-0.000000	111.390015
862	1000.000000	195.957662	631.917890	123420.194478	-0.000103	0.000000	111.336145
863	1000.000000	-238.679459	-903.433438	125382.482743	-0.000176	-0.000000	111.340524
864	1000.000000	358.839366	-384.785123	125380.891049	0.000527	-0.000000	111.352596
865	1000.000000	-45.781421	-823.532277	124215.340975	0.000207	-0.000000	111.397654
867	1000.000000	124.556763	136.095752	125022.827381	0.000118	-0.000000	111.381822
866	1000.000000	-295.577084	-962.011516	124370.387081	-0.000140	-0.000000	111.329616
868	1000.000000	-717.882033	35.015746	130358.187430	-0.001883	-0.000000	111.650724
870	1000.000000	-23.405278	71.746650	125051.330952	-0.000268	0.000000	111.355655
869	1000.000000	686.626244	688.373576	124988.700835	0.001018	0.000000	111.370807
871	1000.000000	-77.491453	476.756097	125009.170680	-0.000357	0.000000	111.355192
872	1000.000000	-148.517142	1222.704738	123553.691484	-0.000342	0.000000	111.340380
874	1000.000000	-725.116110	-644.770615	123050.983126	-0.001202	-0.000000	111.345193
875	1000.000000	236.784276	234.513781	125116.824086	-0.000097	0.000000	111.393936
873	1000.000000	194.086085	907.766931	124364.526120	0.000299	0.000000	111.386498
877	1000.000000	-143.177426	295.325750	127340.442669	-0.000081	0.000000	111.425381
876	1000.000000	-843.428455	540.757964	122726.253118	-0.000556	0.000000	111.347039
879	1000.000000	234.681102	-546.200992	126985.132195	-0.000049	-0.000000	111.415279
878	1000.000000	-431.531195	-269.853001	125251.832525	-0.000966	-0.000000	111.372784
880	1000.000000	157.433713	-507.187171	124848.006801	0.000126	-0.000000	111.358394
881	1000.000000	-242.980336	92.012744	124759.987765	-0.000346	-0.000000	111.379938
882	1000.000000	446.442738	828.924870	125319.541284	0.000666	0.000000	111.419271
883	1000.000000	-131.667459	685.246621	126171.597217	-0.000371	0.000000	111.394004
884	1000.000000	-76.885089	-883.924809	122729.611879	-0.000106	-0.000000	111.340251
885	1000.000000	50.596691	284.449675	126743.599432	0.000152	0.000000	111.373414
887	1000.000000	-42.601749	-300.004494	125659.933860	-0.000339	-0.000000	111.348521
886	1000.000000	309.101759	-78.719519	128765.969194	0.000592	-0.000000	111.468117
888	1000.000000	-480.967249	789.250102	125116.305308	-0.000640	0.000000	111.361680
890	1000.000000	-209.185700	-327.876625	125260.900926	-0.000005	-0.000000	111.350558
889	1000.000000	544.107793	-467.546930	123099.137089	0.000475	-0.000000	111.345412
891	1000.000000	389.616632	113.915888	129904.176314	0.000282	0.000000	111.692050
893	1000.000000	141.491375	182.028123	124468.571147	0.000171	0.000000	111.349913
892	1000.000000	-678.379592	-258.111122	125620.835956	-0.000514	-0.000000	111.374071
894	1000.000000	-56.984973	-738.597538	124389.380979	0.000146	-0.000000	111.340980
895	1000.000000	-377.444821	1054.154142	123673.107590	-0.000362	0.000000	111.338372
896	1000.000000	292.746067	233.182301	125578.165551	0.000241	0.000000	111.351574
897	1000.000000	-521.745484	937.141103	123955.687869	-0.000694	0.000000	111.349479
898	1000.000000	1163.003858	-113.020450	125247.082618	0.002105	-0.000000	111.350813
899	1000.000000	746.916648	-93.987727	125586.830760	0.000553	-0.000000	111.342745
900	1000.000000	-427.454938	-115.591503	124986.893039	-0.000320	0.000000	111.346406
901	1000.000000	1072.330063	67.031393	124194.280108	0.001219	-0.000000	111.361849
902	1000.000000	-813.455649	468.231525	126018.463914	-0.000877	0.000000	111.501734
903	1000.000000	233.479863	-499.580549	122407.175079	0.000104	-0.000000	111.361062
904	1000.000000	-984.057581	48.201944	126087.034510	-0.001572	-0.000000	111.443639
905	1000.000000	-573.291241	632.526484	129800.974055	-0.000661	0.000000	111.514715
906	1000.000000	-17.112094	-103.876397	125411.920806	-0.000125	-0.000000	111.393604
907	1000.000000	137.776600	-246.259419	125828.114449	-0.000153	-0.000000	111.360115
908	1000.000000	-423.385510	1378.934940	124337.364106	-0.000357	0.000000	111.336719
910	1000.000000	-92.829638	43.320586	124650.190448	0.000099	0.000000	111.412357
909	1000.000000	-318.760956	462.869790	125338.358231	-0.000192	0.000000	111.350027
911	1000.000000	-639.215037	164.757218	128174.802369	-0.001544	0.000000	111.523901
914	1000.000000	134.374341	64.154275	126930.288268	0.000574	0.000000	111.443695
912	1000.000000	66.084913	-342.261804	123633.968571	-0.000140	-0.000000	111.350404
913	1000.000000	-629.427426	-217.409674	122623.706001	-0.000302	-0.000000	111.355414
915	1000.000000	11.805554	-271.559439	124184.884358	0.000259	-0.000000	111.405129
917	1000.000000	-67.117695	0.102132	126618.893737	-0.000083	-0.000000	111.370738
916	1000.000000	-835.576992	-221.068401	125229.375698	-0.001005	-0.000000	111.339883
919	1000.000000	136.438739	429.628874	124527.874776	-0.000004	0.000000	111.338036
918	1000.000000	1321.374726	389.721304	125295.588687	0.016909	0.000000	111.385302
920	1000.000000	1264.236180	38.593818	122639.814297	0.006188	-0.000000	111.338701
921	1000.000000	369.355396	93.457810	123525.130525	0.000764	0.000000	111.370906
922	1000.000000	-33.474341	-182.037705	123110.390328	0.000105	-0.000000	111.362218
924	1000.000000	-407.158647	309.899990	124345.976542	-0.000282	0.000000	111.338772
923	1000.000000	-1200.318296	487.773402	126412.202217	-0.003632	0.000000	111.395760
925	1000.000000	-674.735154	597.139272	122621.663273	-0.000265	0.000000	111.346064
926	1000.000000	-329.510648	-944.163139	124876.031643	-0.000097	-0.000000	111.356692
927	1000.000000	258.143480	95.891721	126567.240829	0.000785	0.000000	111.370774
929	1000.000000	366.781605	125.949611	125267.900361	0.000578	-0.000000	111.353872
930	1000.000000	-314.724250	-104.421060	124520.083543	0.000002	-0.000000	111.341195
928	1000.000000	-222.119090	-383.547634	145822.477749	-0.000201	-0.000000	139.682490
931	1000.000000	1272.564479	262.685508	124356.376479	0.004948	0.000000	111.383349
932	1000.000000	-370.936464	175.164453	125561.851867	-0.000404	-0.000000	111.351010
933	1000.000000	509.191394	51.262843	123369.507121	0.000489	0.000000	111.337074
934	1000.000000	-492.887771	-433.041106	124124.728377	-0.000261	-0.000000	111.345140
935	1000.000000	609.494061	205.474940	122194.857386	0.000249	0.000000	111.340172
936	1000.000000	-430.460817	-95.366951	125210.011522	-0.000443	0.000000	111.359098
937	1000.000000	-1038.064358	680.685731	124019.631500	-0.001343	0.000000	111.370247
938	1000.000000	-485.571078	-373.470705	135655.881480	-0.001852	-0.000000	112.648645
939	1000.000000	-468.968238	21.634450	121987.496620	-0.000687	0.000000	111.346231
941	1000.000000	-822.304694	-608.876930	124176.509905	-0.000913	-0.000000	111.357777
940	1000.000000	685.178769	211.988132	123005.756573	0.000889	0.000000	111.371239
942	1000.000000	-350.656001	475.211741	130108.977475	-0.001313	0.000000	111.573358
943	1000.000000	-84.374442	-788.637272	127214.817217	-0.000344	-0.000000	111.392933
945	1000.000000	357.892775	-458.403115	124342.172286	0.000222	-0.000000	111.335309
946	1000.000000	-1144.905037	-111.944145	123624.270260	-0.000992	-0.000000	111.340519
944	1000.000000	655.170673	-381.992149	123805.246380	0.000318	-0.000000	111.368909
947	1000.000000	-226.779191	-395.920021	124084.590885	0.000077	-0.000000	111.355867
949	1000.000000	71.971428	-101.876315	124653.799495	0.000034	-0.000000	111.345108
948	1000.000000	-186.666561	-387.822628	124547.350263	0.000032	-0.000000	111.358873
950	1000.000000	-659.429478	-422.161135	126533.678778	-0.001342	-0.000000	111.384507
952	1000.000000	-5.551731	96.555113	127511.289893	0.000153	0.000000	111.408154
951	1000.000000	-222.360709	335.727097	124153.044525	-0.000489	0.000000	111.364197
953	1000.000000	-46.465038	587.208948	125715.427277	-0.000060	0.000000	111.383636
954	1000.000000	139.427908	179.604167	124844.517541	0.000433	0.000000	111.402948
956	1000.000000	61.654161	111.814550	126022.004163	-0.000082	0.000000	111.427400
955	1000.000000	-325.996699	244.072294	124419.922055	-0.000141	0.000000	111.340156
957	1000.000000	-84.032937	161.274745	125766.142346	-0.000284	0.000000	111.359429
958	1000.000000	-38.505121	418.147303	125542.687760	-0.000295	0.000000	111.370619
959	1000.000000	-1441.232387	-308.624470	122783.899985	-0.003765	-0.000000	111.356936
960	1000.000000	-148.480090	230.168335	125516.846915	0.000133	0.000000	111.370628
961	1000.000000	180.457508	339.674372	124663.629900	0.000238	0.000000	111.365047
963	1000.000000	502.821273	-57.243776	124124.017017	0.000860	-0.000000	111.373171
962	1000.000000	738.130595	883.984324	125521.245302	0.001094	0.000000	111.363042
964	1000.000000	-719.371985	-822.319062	128627.986317	-0.001235	-0.000000	111.473449
965	1000.000000	468.935102	-321.908128	122609.712595	0.000228	-0.000000	111.341486
967	1000.000000	250.772115	348.493682	124337.081180	-0.000073	0.000000	111.338051
966	1000.000000	344.642822	-496.816492	124262.898495	0.000532	-0.000000	111.359760
968	1000.000000	-474.721362	244.672206	126295.246445	-0.000729	0.000000	111.381241
969	1000.000000	-1841.354624	145.232232	126962.324418	-0.072443	0.000000	111.404983
970	1000.000000	753.844832	263.641242	122348.776272	0.000724	0.000000	111.342891
971	1000.000000	-111.137307	-307.055627	124624.303571	-0.000310	-0.000000	111.383259
972	1000.000000	859.813680	523.757780	126157.788606	0.002080	0.000000	111.369516
973	1000.000000	-33.593635	671.225620	123932.403556	0.000061	0.000000	111.405414
974	1000.000000	1746.845771	-9.269485	122190.232853	0.036007	-0.000000	111.338089
975	1000.000000	198.290908	-741.517365	122748.995902	-0.000093	-0.000000	111.362341
976	1000.000000	-900.019987	19.770141	123991.282916	-0.001229	0.000000	111.338040
977	1000.000000	895.029483	182.151210	124949.921190	0.004344	0.000000	111.367680
978	1000.000000	-65.249687	161.497216	125761.304549	0.000173	0.000000	111.357429
979	1000.000000	-246.356663	62.740613	124611.135962	0.000081	0.000000	111.361040
980	1000.000000	-524.819498	96.122211	124177.842038	-0.000422	-0.000000	111.337207
982	1000.000000	-336.477683	320.978352	128060.665036	-0.000221	0.000000	111.569312
981	1000.000000	-192.112073	-453.434030	123413.200328	0.000091	-0.000000	111.343585
983	1000.000000	-569.687534	659.376510	122575.875352	-0.000625	0.000000	111.347787
984	1000.000000	464.182376	97.973612	124231.095785	0.000633	-0.000000	111.355755
985	1000.000000	-83.545445	210.767296	125714.916399	-0.000109	0.000000	111.344199
986	1000.000000	-863.515800	1144.332018	125559.541032	-0.001068	0.000000	111.435480
987	1000.000000	-1001.942953	439.243281	125305.094766	-0.002225	0.000000	111.369874
988	1000.000000	61.885451	-683.081686	125688.246666	-0.000128	-0.000000	111.344415
989	1000.000000	-166.104974	127.326646	126145.073268	-0.000556	0.000000	111.356560
990	1000.000000	-58.166560	456.803672	125890.728490	0.000114	0.000000	111.430678
993	1000.000000	344.556868	-42.081504	123996.809735	0.000073	-0.000000	111.351466
991	1000.000000	821.273824	499.147463	126948.824493	0.001058	0.000000	111.398309
992	1000.000000	-876.532401	-715.770448	124731.712922	-0.000951	-0.000000	111.389993
994	1000.000000	189.814200	620.507122	122907.165406	0.000055	0.000000	111.375777
996	1000.000000	-124.883930	-137.285013	125436.922121	-0.000017	-0.000000	111.386633
995	1000.000000	163.641038	-27.793773	126519.178286	0.000327	-0.000000	111.421429
997	1000.000000	1078.343006	-34.774874	124715.663731	0.003697	0.000000	111.428499
998	1000.000000	-194.856480	522.849779	125512.758392	-0.000416	0.000000	111.456212
999	1000.000000	94.265829	-833.912138	125490.295593	0.000167	-0.000000	111.350156
