#name 	 time 	 x 	 y 	 z 	 vx 	 vy 	 vz 
1	3000.000000	-61.540429	208.842178	249071.560086	0.000073	-0.000000	32.365495
2	3000.000000	480.125735	43.297084	249415.194653	0.000841	0.000000	32.365495
0	3000.000000	248.362423	258.288526	271965.030015	0.000273	0.000000	32.365524
3	3000.000000	881.804970	808.403904	249628.006590	0.001948	0.000000	32.365495
4	3000.000000	-502.475593	-440.130906	250604.294415	-0.000872	-0.000000	32.365495
6	3000.000000	-529.360295	-77.960900	256883.957567	-0.001639	-0.000000	32.365495
7	3000.000000	-150.178161	-372.421898	255885.008615	-0.001459	0.000000	32.365495
9	3000.000000	-83.788481	-435.020251	249295.124585	-0.000040	0.000000	32.365495
8	3000.000000	-360.449871	615.483706	257639.407731	-0.000453	0.000000	32.365495
10	3000.000000	1013.877620	-312.601494	397005.402396	0.012828	-0.000000	126.981788
11	3000.000000	144.081818	-293.795526	252090.338369	-0.000218	-0.000000	32.365495
12	3000.000000	-164.770081	446.984941	252053.390530	-0.000058	0.000000	32.365495
13	3000.000000	-1257.308414	658.555836	250174.952002	-0.002680	0.000000	32.365495
14	3000.000000	311.561137	-41.980712	250941.410216	0.000303	0.000000	32.365495
17	3000.000000	-904.580363	304.708906	253794.960288	-0.006059	0.000000	32.365495
16	3000.000000	-74.708491	550.829797	251436.074146	-0.000561	-0.000000	32.365495
15	3000.000000	305.008584	-213.943023	251934.526415	0.001047	-0.000000	32.365495
5	3000.000000	1049.011634	65.413714	250815.722323	0.002887	-0.000000	32.365495
19	3000.000000	81.657796	-575.804631	248782.744226	0.000210	0.000000	32.365495
18	3000.000000	798.587424	886.386823	251004.114586	0.005064	0.000000	32.365495
20	3000.000000	-1429.604351	-420.574374	249672.666704	-0.006305	-0.000000	32.365495
21	3000.000000	-312.932982	-369.512517	254204.373227	-0.001728	-0.000000	32.365495
22	3000.000000	298.534960	907.154034	252064.513603	0.001669	0.000000	32.365495
23	3000.000000	216.517933	-115.752767	252980.973575	0.001085	0.000000	32.365495
24	3000.000000	1447.052107	1261.560610	250892.695605	0.005425	0.000000	32.365495
25	3000.000000	-787.410417	-72.736021	250925.408043	-0.002033	-0.000000	32.365495
26	3000.000000	-645.036676	-702.845399	252508.984984	-0.002027	-0.000000	32.365495
27	3000.000000	468.041749	-315.019399	250954.745761	0.000276	0.000000	32.365495
29	3000.000000	357.150247	464.507048	251238.505822	0.000950	-0.000000	32.365495
28	3000.000000	796.229103	-51.772864	414559.130802	0.007398	-0.000000	134.531109
30	3000.000000	677.434496	26.567281	251685.635454	0.001790	0.000000	32.365495
31	3000.000000	-354.921979	987.937338	252489.249319	-0.000578	0.000000	32.365495
32	3000.000000	458.599664	-263.286964	248998.114636	0.000459	0.000000	32.365495
33	3000.000000	66.957822	494.503389	253661.333357	-0.000154	-0.000000	32.365495
35	3000.000000	-563.933962	-620.041559	414838.407625	-0.004226	-0.000000	134.804814
34	3000.000000	1188.297478	581.952692	253102.240865	0.004513	0.000000	32.365495
36	3000.000000	-45.383263	13.388935	251996.542235	-0.000178	0.000000	32.365495
37	3000.000000	-292.533291	167.115775	442285.320713	-0.002057	0.000000	144.943129
38	3000.000000	377.663379	-227.715144	253109.106840	0.001574	-0.000000	32.365495
39	3000.000000	494.888289	-384.431894	252590.576480	0.000597	-0.000000	32.365495
40	3000.000000	-51.457084	-498.261441	250798.234371	-0.000383	0.000000	32.365495
41	3000.000000	36.584852	-1297.368527	252294.806933	-0.000111	-0.000000	32.365495
43	3000.000000	-1335.393424	361.877182	252328.557743	-0.005707	0.000000	32.365495
42	3000.000000	-709.040144	244.942881	252261.228555	-0.003396	0.000000	32.365495
45	3000.000000	244.894714	711.731556	249701.725995	0.000258	-0.000000	32.365495
44	3000.000000	-1050.653152	-294.186046	250773.731328	-0.002106	-0.000000	32.365495
46	3000.000000	953.235982	304.837696	249918.058082	0.005278	0.000000	32.365495
47	3000.000000	560.408736	-794.175271	252002.132421	0.000800	-0.000000	32.365495
48	3000.000000	-614.597191	398.926056	251808.140234	-0.003158	0.000000	32.365495
49	3000.000000	110.113205	-597.808170	251957.005271	-0.000120	0.000000	32.365495
50	3000.000000	496.820541	351.179924	249245.133602	0.000719	-0.000000	32.365495
53	3000.000000	-26.853062	261.310944	252756.555750	-0.000475	0.000000	32.365495
51	3000.000000	-414.402877	80.727885	251547.312983	-0.001017	0.000000	32.365495
52	3000.000000	-977.911166	741.651430	250128.552349	-0.002058	0.000000	32.365495
54	3000.000000	-37.511065	45.172475	252979.054139	0.000395	-0.000000	32.365495
56	3000.000000	-49.808267	262.585521	251969.105563	-0.000138	0.000000	32.365495
55	3000.000000	-561.475936	38.632474	251491.734043	-0.001425	0.000000	32.365495
57	3000.000000	98.482030	409.808265	250495.137973	0.000282	-0.000000	32.365495
61	3000.000000	-123.936413	-9.051740	250592.892513	-0.000525	-0.000000	32.365495
58	3000.000000	-899.833883	786.237977	249333.742614	-0.002570	0.000000	32.365495
60	3000.000000	5.633993	237.085340	384093.777904	-0.000864	0.000000	120.995810
59	3000.000000	-47.695518	422.038168	250174.721378	-0.000081	-0.000000	32.365495
62	3000.000000	661.519939	71.856191	252089.706799	0.001358	0.000000	32.365495
63	3000.000000	742.229725	-836.883701	248501.269676	0.000919	0.000000	32.365495
64	3000.000000	-71.159882	977.801890	249526.552921	-0.000494	-0.000000	32.365495
65	3000.000000	-972.144698	474.220423	252771.959162	-0.010552	0.000000	32.365495
66	3000.000000	39.312957	-311.489776	252038.254516	0.000741	-0.000000	32.365495
68	3000.000000	381.855186	-238.589685	253025.172840	0.001041	0.000000	32.365495
67	3000.000000	48.806003	-738.843817	251629.330644	0.000394	-0.000000	32.365495
69	3000.000000	153.041158	-364.073882	249887.979368	0.000547	0.000000	32.365495
72	3000.000000	336.462045	217.786999	251645.731496	0.000797	-0.000000	32.365495
70	3000.000000	822.924452	-277.836174	249423.555611	0.000801	0.000000	32.365495
71	3000.000000	931.418591	-476.087975	250601.642542	0.002547	-0.000000	32.365495
73	3000.000000	278.931565	1061.860278	250936.393979	0.001280	0.000000	32.365495
74	3000.000000	226.192794	-58.602513	250585.832456	0.000098	0.000000	32.365495
76	3000.000000	293.111732	-376.448493	250779.973932	0.001056	0.000000	32.365495
75	3000.000000	778.477286	-802.471076	250702.653343	0.004927	-0.000000	32.365495
77	3000.000000	547.091971	369.575796	429388.906185	0.002069	-0.000000	140.889003
78	3000.000000	-117.089239	502.412367	249690.345128	-0.000267	0.000000	32.365495
79	3000.000000	12.816864	-39.751667	252635.314427	0.000008	0.000000	32.365495
80	3000.000000	703.605728	-802.364352	251656.600417	0.002480	-0.000000	32.365495
81	3000.000000	-484.373945	-24.030980	252335.886109	-0.000503	0.000000	32.365495
82	3000.000000	-453.697691	101.094849	252257.650745	-0.001488	0.000000	32.365495
83	3000.000000	-982.742287	-577.334887	249239.282413	-0.001883	-0.000000	32.365495
84	3000.000000	-444.858574	711.252880	427070.893903	-0.003971	0.000000	140.136618
85	3000.000000	532.169998	664.962795	253672.066719	0.002852	0.000000	32.365495
86	3000.000000	154.768034	486.343740	250320.321969	-0.000221	0.000000	32.365495
87	3000.000000	-698.847487	-473.557482	251084.225540	-0.000919	0.000000	32.365495
88	3000.000000	342.836926	360.135568	250083.411255	0.000199	-0.000000	32.365495
89	3000.000000	-433.936438	1037.158333	250985.552887	-0.000335	0.000000	32.365495
90	3000.000000	-345.173798	-208.498722	249291.217048	-0.000399	0.000000	32.365495
91	3000.000000	378.973698	437.245554	251188.074534	0.000278	0.000000	32.365495
92	3000.000000	667.809688	444.044149	399278.573600	0.001694	-0.000000	128.196582
93	3000.000000	-609.337304	12.606590	249448.947001	-0.000784	0.000000	32.365495
95	3000.000000	366.507788	-1073.240006	249714.386554	0.000610	0.000000	32.365495
94	3000.000000	-1115.250119	-1396.358252	250720.517010	-0.008705	-0.000000	32.365495
96	3000.000000	125.020234	326.247462	249755.244028	-0.000249	0.000000	32.365495
97	3000.000000	-323.498326	-232.388412	249777.077075	-0.000956	0.000000	32.365495
98	3000.000000	-125.187350	-257.941123	249048.771251	-0.000076	-0.000000	32.365495
99	3000.000000	244.247031	351.461214	250263.358672	0.000515	-0.000000	32.365495
100	3000.000000	469.659392	-65.396789	251969.114557	0.000463	-0.000000	32.365495
101	3000.000000	-1015.135198	270.667594	249758.017280	-0.002085	0.000000	32.365495
102	3000.000000	42.344426	-658.702417	251698.314593	0.000262	0.000000	32.365495
103	3000.000000	202.121566	499.573678	408216.879106	0.000750	-0.000000	131.522849
104	3000.000000	599.153578	-1007.331688	249600.299609	0.001147	-0.000000	32.365495
105	3000.000000	690.379435	-52.837912	251851.005221	0.001285	0.000000	32.365495
106	3000.000000	615.504733	846.789094	251727.075550	0.001465	-0.000000	32.365495
107	3000.000000	-499.251034	619.987814	251530.557734	-0.001077	-0.000000	32.365495
108	3000.000000	-103.132590	1077.875161	251818.261201	-0.000835	0.000000	32.365495
109	3000.000000	612.068008	-8.505040	250406.903553	0.000562	-0.000000	32.365495
110	3000.000000	-55.289419	-483.313889	432972.828798	-0.001324	-0.000000	141.983460
111	3000.000000	-352.072502	-1019.353323	251563.136189	-0.000493	0.000000	32.365495
112	3000.000000	-405.492580	-1118.579698	251338.320300	-0.000525	0.000000	32.365495
114	3000.000000	432.410146	-59.278656	250557.480778	0.000997	0.000000	32.365495
113	3000.000000	106.755616	535.486213	249300.620070	-0.000338	0.000000	32.365495
115	3000.000000	-645.521244	-591.067205	248913.476443	-0.001337	0.000000	32.365495
116	3000.000000	-244.866934	656.112609	252148.559632	-0.001065	-0.000000	32.365495
118	3000.000000	218.567782	159.160065	250126.183486	0.001029	0.000000	32.365495
117	3000.000000	969.974668	-710.362563	250932.446310	0.002811	-0.000000	32.365495
119	3000.000000	1003.597538	-530.071567	249773.451146	0.001841	-0.000000	32.365495
120	3000.000000	1365.652145	88.433342	251707.469813	0.016170	0.000000	32.365495
122	3000.000000	95.860374	40.807076	248806.053143	0.000286	-0.000000	32.365495
121	3000.000000	-106.088570	596.602354	248586.782921	-0.000654	-0.000000	32.365495
123	3000.000000	-332.080419	71.774708	254277.548950	-0.000978	0.000000	32.365495
124	3000.000000	132.945728	398.046831	250222.280944	0.000630	-0.000000	32.365495
127	3000.000000	-184.061879	73.250383	249807.316076	-0.000019	-0.000000	32.365495
125	3000.000000	795.763310	-221.832076	252436.930231	0.002208	-0.000000	32.365495
126	3000.000000	-927.840881	811.318548	250887.906745	-0.002045	0.000000	32.365495
128	3000.000000	85.378458	322.618675	410312.948991	0.000243	-0.000000	132.281791
131	3000.000000	-331.388582	244.633590	425912.028353	-0.001733	-0.000000	139.602576
130	3000.000000	603.687162	-349.934132	249387.347886	0.000962	0.000000	32.365495
129	3000.000000	-419.806959	-789.152834	250722.260681	-0.000502	0.000000	32.365495
132	3000.000000	-50.655487	-112.818315	249125.539374	0.000254	0.000000	32.365495
133	3000.000000	186.001095	545.288815	249556.791624	0.000576	-0.000000	32.365495
135	3000.000000	-231.384162	-760.104202	250383.914226	0.000072	0.000000	32.365495
134	3000.000000	-799.222046	410.707465	249527.942308	-0.003847	0.000000	32.365495
136	3000.000000	518.158569	743.233249	256836.926411	0.001403	-0.000000	32.365495
137	3000.000000	-73.949855	-416.753122	252128.605109	0.000279	0.000000	32.365495
138	3000.000000	872.073719	-942.977481	251579.159804	0.002860	-0.000000	32.365495
139	3000.000000	-324.422786	-230.948837	250498.961579	-0.000257	-0.000000	32.365495
140	3000.000000	-369.152278	126.731739	253195.975410	-0.001329	-0.000000	32.365495
142	3000.000000	980.484844	-490.407374	250416.479703	0.001804	0.000000	32.365495
141	3000.000000	-193.401140	198.277476	252614.884354	-0.000816	0.000000	32.365495
143	3000.000000	-854.046079	-586.255782	248284.321058	-0.001023	-0.000000	32.365495
144	3000.000000	421.853444	219.428790	251037.202213	0.001385	-0.000000	32.365495
146	3000.000000	-230.958183	-149.244752	250227.823997	-0.000214	0.000000	32.365495
145	3000.000000	618.696564	-212.168372	248572.520909	0.000397	-0.000000	32.365495
147	3000.000000	892.173718	-468.521782	250235.143028	0.002156	-0.000000	32.365495
148	3000.000000	342.291534	368.763558	254937.152347	0.002736	0.000000	32.365495
149	3000.000000	190.564460	-386.065206	251788.120107	0.000906	0.000000	32.365495
150	3000.000000	572.032107	-864.515356	251054.497441	0.001551	-0.000000	32.365495
151	3000.000000	401.855708	-34.523729	251437.892506	0.001138	0.000000	32.365495
152	3000.000000	279.141281	-377.464465	253188.146338	0.000101	-0.000000	32.365495
153	3000.000000	-104.266567	-571.560728	251966.000718	-0.000292	-0.000000	32.365495
154	3000.000000	323.988198	-539.931647	266580.315545	0.001832	0.000000	32.365507
155	3000.000000	130.151459	-9.532414	250493.261021	0.000536	-0.000000	32.365495
156	3000.000000	773.476127	39.231017	253209.758234	0.007048	-0.000000	32.365495
157	3000.000000	-361.425973	-408.550777	249315.849151	-0.000439	-0.000000	32.365495
159	3000.000000	-139.175964	-879.362096	254242.095276	0.000017	-0.000000	32.365495
158	3000.000000	-657.043297	-896.951473	410239.070964	-0.003807	-0.000000	132.303157
160	3000.000000	640.930938	-62.232700	250937.454366	0.000931	0.000000	32.365495
161	3000.000000	-289.975502	137.190166	255784.866514	-0.001656	0.000000	32.365495
163	3000.000000	-71.069923	-15.013302	250278.442413	-0.000072	-0.000000	32.365495
162	3000.000000	-273.107243	416.420732	249808.788175	-0.000502	0.000000	32.365495
165	3000.000000	-139.167650	9.218317	252962.416852	0.000312	0.000000	32.365495
164	3000.000000	-149.431700	-574.000090	250069.446610	-0.000505	-0.000000	32.365495
166	3000.000000	-171.114595	-1033.058265	251025.099985	0.000060	0.000000	32.365495
167	3000.000000	-212.134240	582.994922	253166.845011	-0.001202	0.000000	32.365495
168	3000.000000	-10.064824	-611.197989	249944.592469	0.000241	0.000000	32.365495
169	3000.000000	-240.698585	408.271502	250413.213155	-0.001228	0.000000	32.365495
170	3000.000000	717.454511	3.215961	250739.862609	0.000694	0.000000	32.365495
171	3000.000000	493.295608	90.332531	251102.971505	0.001127	-0.000000	32.365495
172	3000.000000	63.474411	956.745439	250849.807573	0.000135	-0.000000	32.365495
173	3000.000000	263.490724	-460.882045	253958.743107	0.001238	-0.000000	32.365495
174	3000.000000	-237.968957	17.373009	404016.887148	-0.001218	-0.000000	130.043058
175	3000.000000	-1157.337400	97.652547	250311.232783	-0.002101	0.000000	32.365495
176	3000.000000	-809.853852	182.485349	251694.262482	-0.001179	-0.000000	32.365495
178	3000.000000	73.648816	-404.999009	253614.376762	-0.000144	-0.000000	32.365495
177	3000.000000	-122.591324	-577.723908	253032.037822	0.000381	-0.000000	32.365495
179	3000.000000	989.207943	573.680678	251139.407436	0.003609	0.000000	32.365495
180	3000.000000	854.754596	-458.038164	252254.339754	0.008248	-0.000000	32.365495
181	3000.000000	-360.630139	243.138872	249857.710653	-0.000118	0.000000	32.365495
182	3000.000000	-254.916381	350.006751	252986.061573	-0.000764	0.000000	32.365495
183	3000.000000	-511.731495	140.048649	248940.969501	-0.000321	-0.000000	32.365495
184	3000.000000	-343.944449	408.669839	250131.909576	-0.000332	0.000000	32.365495
186	3000.000000	97.345165	289.700144	250686.760983	0.000204	0.000000	32.365495
185	3000.000000	-357.293385	878.980595	249356.854496	-0.000605	-0.000000	32.365495
187	3000.000000	-242.882338	-179.966872	249670.470561	-0.000187	-0.000000	32.365495
190	3000.000000	267.975466	191.831348	251283.136057	-0.000035	0.000000	32.365495
188	3000.000000	784.363072	-327.651823	250894.580775	0.001804	-0.000000	32.365495
189	3000.000000	46.544714	437.016284	250685.963718	0.000313	0.000000	32.365495
191	3000.000000	-149.056966	766.479122	250188.703348	-0.000154	0.000000	32.365495
193	3000.000000	-596.854423	69.320855	250468.132230	-0.000843	-0.000000	32.365495
192	3000.000000	-203.255690	580.284565	254476.110413	-0.000777	0.000000	32.365495
194	3000.000000	-456.024751	139.305645	255288.126482	-0.000476	-0.000000	32.365495
195	3000.000000	-300.961312	14.887749	418467.499964	-0.000465	-0.000000	135.569869
196	3000.000000	20.596815	460.306567	262266.530558	-0.000453	0.000000	32.365496
197	3000.000000	1069.265403	291.520764	250720.301826	0.002822	0.000000	32.365495
198	3000.000000	-868.298419	-27.535378	253094.005285	-0.002176	0.000000	32.365495
199	3000.000000	-21.142066	-418.305001	251544.582793	-0.000456	-0.000000	32.365495
200	3000.000000	219.050816	64.910686	252299.107613	-0.000032	0.000000	32.365495
201	3000.000000	-144.904870	-221.692791	249262.547039	0.000148	0.000000	32.365495
202	3000.000000	198.004071	-353.740564	251063.479767	0.000625	-0.000000	32.365495
204	3000.000000	-89.454417	-42.428891	250288.912394	-0.000128	0.000000	32.365495
203	3000.000000	19.313640	-412.751570	251777.247926	-0.000175	-0.000000	32.365495
205	3000.000000	-613.444158	658.810192	254465.556642	-0.002084	0.000000	32.365495
206	3000.000000	-136.301038	571.222876	252827.281665	-0.000380	0.000000	32.365495
207	3000.000000	158.829341	89.687286	250175.111150	0.000970	0.000000	32.365495
208	3000.000000	259.806112	-929.238428	251562.241034	0.000374	0.000000	32.365495
209	3000.000000	-1153.642020	-229.847263	252264.797769	-0.007742	-0.000000	32.365495
211	3000.000000	-122.802810	142.692910	253276.757597	-0.000078	0.000000	32.365495
210	3000.000000	115.653235	-1030.565762	251864.410121	0.000583	0.000000	32.365495
212	3000.000000	-507.746350	-544.568348	249305.601548	-0.000759	0.000000	32.365495
213	3000.000000	-845.659898	-709.284393	252092.582472	-0.002824	-0.000000	32.365495
214	3000.000000	973.923558	-178.407780	248284.626188	0.001063	0.000000	32.365495
215	3000.000000	-480.162424	-489.994275	250230.303252	-0.000433	-0.000000	32.365495
216	3000.000000	413.258371	523.552246	249511.778831	0.000321	0.000000	32.365495
217	3000.000000	-831.014759	-513.260551	248802.717962	-0.002777	-0.000000	32.365495
218	3000.000000	278.871511	-293.926569	252567.531428	0.000720	-0.000000	32.365495
219	3000.000000	-304.559378	-924.125197	250869.273930	-0.000513	-0.000000	32.365495
220	3000.000000	245.540295	105.846055	250014.456396	0.000466	0.000000	32.365495
221	3000.000000	205.533459	-787.706388	250797.316658	0.000409	-0.000000	32.365495
222	3000.000000	487.440419	-617.737368	248359.360230	0.000326	0.000000	32.365495
223	3000.000000	-158.909533	560.554648	251029.969878	-0.000186	0.000000	32.365495
224	3000.000000	326.309249	120.220186	252008.613528	0.000804	0.000000	32.365495
225	3000.000000	343.405045	-153.459197	251437.129451	0.000913	0.000000	32.365495
226	3000.000000	-577.070305	762.320145	249804.849884	-0.000805	0.000000	32.365495
228	3000.000000	39.557008	-348.103473	254414.471144	-0.000548	-0.000000	32.365495
227	3000.000000	-1488.946814	482.107673	254647.802812	-0.020592	0.000000	32.365495
229	3000.000000	-17.452109	247.396409	252009.212162	-0.000402	0.000000	32.365495
230	3000.000000	-562.344196	97.384267	253323.210769	-0.001243	-0.000000	32.365495
231	3000.000000	25.513021	739.359809	249753.397915	-0.000262	0.000000	32.365495
232	3000.000000	159.556002	-439.175610	252239.546505	-0.000198	-0.000000	32.365495
233	3000.000000	-973.449398	579.845714	254189.108914	-0.008517	0.000000	32.365495
234	3000.000000	396.601914	-351.696501	253203.814883	0.001186	0.000000	32.365495
235	3000.000000	522.788520	427.701003	249024.974513	0.000296	-0.000000	32.365495
236	3000.000000	-215.709484	-587.197810	250107.021918	0.000128	0.000000	32.365495
237	3000.000000	453.335787	477.054345	250239.562527	0.000389	-0.000000	32.365495
238	3000.000000	216.158091	66.482661	382116.542232	0.001058	0.000000	119.383978
240	3000.000000	326.324893	442.005094	250279.493262	0.000503	-0.000000	32.365495
239	3000.000000	28.259350	294.593257	253441.302389	0.001004	0.000000	32.365495
241	3000.000000	89.663914	-750.479018	249753.043193	0.000414	0.000000	32.365495
242	3000.000000	530.495460	533.685722	252530.679953	0.000615	0.000000	32.365495
243	3000.000000	-399.300651	441.482637	251074.980686	-0.001136	-0.000000	32.365495
244	3000.000000	534.769838	-310.087637	251491.799256	0.000891	-0.000000	32.365495
245	3000.000000	-562.526461	-335.930178	385670.942367	-0.003060	-0.000000	122.373340
246	3000.000000	-373.897747	-180.022672	252275.075449	-0.001574	-0.000000	32.365495
247	3000.000000	-1028.574624	-643.575537	251862.191797	-0.003047	-0.000000	32.365495
248	3000.000000	-140.618978	5.296292	253350.869669	-0.001217	0.000000	32.365495
249	3000.000000	1344.795852	-73.659874	253278.350483	0.024269	0.000000	32.365495
250	3000.000000	-699.425665	-393.820338	250868.087648	-0.001726	-0.000000	32.365495
251	3000.000000	126.774055	-461.912840	252275.057144	0.001000	-0.000000	32.365495
252	3000.000000	-319.275384	105.041006	253060.349663	-0.000568	0.000000	32.365495
253	3000.000000	766.014247	439.489372	248820.240705	0.000747	-0.000000	32.365495
254	3000.000000	245.453582	51.053292	249639.459783	-0.000106	0.000000	32.365495
255	3000.000000	-130.512345	90.895351	251009.055024	0.000280	0.000000	32.365495
256	3000.000000	372.728645	-697.696386	250352.143786	0.000077	0.000000	32.365495
257	3000.000000	73.907735	-148.985583	251053.883302	0.000395	-0.000000	32.365495
258	3000.000000	1745.972133	-207.655934	252117.495722	0.024686	-0.000000	32.365495
259	3000.000000	-583.362064	68.666926	252121.227925	-0.002192	0.000000	32.365495
260	3000.000000	905.206689	437.807517	252474.872570	0.002958	0.000000	32.365495
261	3000.000000	357.220031	-1151.677302	252444.572111	0.000422	-0.000000	32.365495
263	3000.000000	8.611645	-17.747128	248393.837720	-0.000197	-0.000000	32.365495
262	3000.000000	-36.254207	694.572876	251498.411932	0.000464	0.000000	32.365495
264	3000.000000	632.573908	370.544530	250687.954584	0.001963	0.000000	32.365495
266	3000.000000	261.164152	-228.759901	252318.284829	0.000725	0.000000	32.365495
265	3000.000000	1110.245421	-521.403423	390547.695907	0.010600	-0.000000	124.104025
267	3000.000000	-281.906236	368.634868	251624.735417	-0.001211	-0.000000	32.365495
268	3000.000000	353.564355	367.337055	251499.793597	0.000321	0.000000	32.365495
269	3000.000000	464.146581	-159.992541	249987.216263	0.000910	0.000000	32.365495
270	3000.000000	413.388939	717.435362	250603.618994	0.000188	-0.000000	32.365495
271	3000.000000	191.503372	-57.369091	252131.711917	0.000194	0.000000	32.365495
272	3000.000000	-74.079534	584.618564	248884.366422	-0.000306	-0.000000	32.365495
273	3000.000000	238.459894	-33.898594	254981.016337	0.000010	0.000000	32.365495
274	3000.000000	-174.218816	-1.248101	253406.764419	-0.000963	-0.000000	32.365495
275	3000.000000	349.234719	-675.943942	384603.279570	0.001287	0.000000	121.863715
277	3000.000000	-420.110549	29.826073	251790.805383	-0.000955	0.000000	32.365495
276	3000.000000	887.931643	682.235814	393889.721366	0.006798	0.000000	126.482443
279	3000.000000	377.112849	-213.612548	248906.798984	0.000496	-0.000000	32.365495
278	3000.000000	-228.340054	-319.008346	251729.625440	-0.000984	0.000000	32.365495
280	3000.000000	-62.762002	272.577982	254185.065215	0.000465	0.000000	32.365495
282	3000.000000	-50.797394	-112.492668	253396.376304	-0.000100	-0.000000	32.365495
281	3000.000000	897.728614	-86.347240	252113.254590	0.005213	-0.000000	32.365495
283	3000.000000	-448.926885	-167.156550	249538.217065	-0.001160	0.000000	32.365495
285	3000.000000	-317.070413	-63.851421	249308.745885	-0.000034	-0.000000	32.365495
284	3000.000000	249.204652	-275.943761	251407.630927	-0.000084	-0.000000	32.365495
286	3000.000000	658.159869	-697.565142	252833.500850	0.001166	-0.000000	32.365495
287	3000.000000	312.692496	-1643.494048	251512.603543	0.001200	-0.000000	32.365495
289	3000.000000	-446.361329	-516.928948	252664.797071	-0.000512	-0.000000	32.365495
288	3000.000000	1145.060004	-226.432610	256333.562536	0.007407	-0.000000	32.365495
290	3000.000000	94.089322	-629.095633	249236.945460	0.000517	0.000000	32.365495
291	3000.000000	67.931816	657.668966	249922.679522	0.000152	-0.000000	32.365495
292	3000.000000	670.837744	-333.784594	249355.671264	0.000716	0.000000	32.365495
293	3000.000000	-528.826956	827.947808	251531.964747	-0.001842	0.000000	32.365495
294	3000.000000	-817.516288	168.693919	250249.256357	-0.003557	0.000000	32.365495
295	3000.000000	-1012.999985	-164.451016	251087.670124	-0.005494	-0.000000	32.365495
296	3000.000000	-29.999198	-531.566095	252307.326980	-0.000112	-0.000000	32.365495
297	3000.000000	841.467688	-426.678705	251697.447776	0.002068	-0.000000	32.365495
298	3000.000000	52.519769	382.917313	252057.469538	0.000149	0.000000	32.365495
299	3000.000000	-359.820867	422.112554	434051.823809	-0.000343	0.000000	142.939261
300	3000.000000	961.029244	-130.188729	431049.202521	0.004485	-0.000000	140.904891
302	3000.000000	-62.265129	-318.897257	248397.068274	0.000176	0.000000	32.365495
301	3000.000000	-698.195506	356.851252	251606.701656	-0.001143	0.000000	32.365495
303	3000.000000	-389.490155	-14.029316	251086.460342	-0.000640	-0.000000	32.365495
304	3000.000000	132.878742	583.114088	248309.349981	0.000185	-0.000000	32.365495
306	3000.000000	713.641536	151.332858	250679.921761	0.001207	0.000000	32.365495
305	3000.000000	-40.609886	37.522502	251869.445355	-0.000833	0.000000	32.365495
307	3000.000000	-671.775442	-1197.944820	249161.738009	-0.000589	0.000000	32.365495
308	3000.000000	1153.267912	308.040530	249392.615465	0.004971	0.000000	32.365495
310	3000.000000	-170.166307	-227.806745	251575.841665	-0.000171	0.000000	32.365495
309	3000.000000	165.619112	-523.258133	252396.655889	0.000623	-0.000000	32.365495
312	3000.000000	202.591012	183.544256	249169.350367	0.000386	0.000000	32.365495
311	3000.000000	-396.830565	281.701042	252378.133635	-0.001379	0.000000	32.365495
313	3000.000000	-597.675828	-273.591377	250691.141469	-0.000514	-0.000000	32.365495
314	3000.000000	406.984952	16.717388	251883.340862	0.000553	0.000000	32.365495
315	3000.000000	105.956743	-221.309359	252437.507252	-0.000019	0.000000	32.365495
316	3000.000000	289.279343	-99.148331	251936.849464	-0.000061	0.000000	32.365495
317	3000.000000	-104.578288	535.421240	251838.118540	-0.000372	-0.000000	32.365495
318	3000.000000	136.352577	565.740232	249488.885274	-0.000112	-0.000000	32.365495
319	3000.000000	-539.994251	1100.803769	250520.711323	-0.001471	0.000000	32.365495
320	3000.000000	457.499080	553.897619	250050.106959	0.000405	0.000000	32.365495
321	3000.000000	387.377183	85.635580	249037.849125	0.000773	-0.000000	32.365495
322	3000.000000	-81.280257	-808.274245	252459.165236	0.000348	-0.000000	32.365495
323	3000.000000	-397.138883	762.440911	250739.671533	-0.000713	0.000000	32.365495
324	3000.000000	-181.757189	-492.489432	253087.217012	-0.000310	0.000000	32.365495
325	3000.000000	112.148610	-693.928647	250376.897944	-0.000171	-0.000000	32.365495
326	3000.000000	-430.692702	426.928228	426847.727595	-0.001091	-0.000000	139.452183
327	3000.000000	343.763786	-516.995966	252596.128029	0.000779	-0.000000	32.365495
328	3000.000000	272.848692	484.751442	251403.541377	0.000130	0.000000	32.365495
329	3000.000000	-332.296806	-95.838175	251517.886135	-0.000651	0.000000	32.365495
330	3000.000000	-681.733920	-196.088121	252913.277845	-0.000986	-0.000000	32.365495
331	3000.000000	457.096821	-820.816386	250681.845029	0.000451	0.000000	32.365495
332	3000.000000	438.927705	-345.641842	249555.591199	0.000468	0.000000	32.365495
333	3000.000000	579.129100	588.676225	249973.701463	0.000561	0.000000	32.365495
334	3000.000000	633.200558	-166.876769	248590.400872	0.000715	0.000000	32.365495
335	3000.000000	-526.665528	133.137439	426363.639311	-0.002182	0.000000	138.932124
336	3000.000000	27.930193	870.488962	251054.206288	0.000327	0.000000	32.365495
337	3000.000000	1370.861479	-576.070817	249841.276137	0.016925	-0.000000	32.365495
338	3000.000000	284.363786	437.547000	253410.594052	0.001778	0.000000	32.365495
340	3000.000000	173.143089	-135.172590	250643.875561	0.000252	-0.000000	32.365495
339	3000.000000	-109.591359	168.927715	252042.716339	-0.000263	0.000000	32.365495
341	3000.000000	842.635485	-74.800797	250044.991160	0.002647	0.000000	32.365495
342	3000.000000	547.031603	387.001731	251500.587001	0.001381	0.000000	32.365495
343	3000.000000	-473.152762	20.917658	252819.772999	-0.002334	-0.000000	32.365495
344	3000.000000	611.675817	-335.120274	250555.800742	0.001409	-0.000000	32.365495
345	3000.000000	179.923946	-686.848603	249271.668596	0.000642	-0.000000	32.365495
346	3000.000000	294.896133	571.572380	253590.687111	0.001612	0.000000	32.365495
348	3000.000000	141.825631	806.813507	250198.201233	0.000046	0.000000	32.365495
347	3000.000000	46.512575	-1178.787107	250950.949002	0.000167	-0.000000	32.365495
349	3000.000000	-344.380168	2.385986	248426.559276	-0.000617	0.000000	32.365495
351	3000.000000	72.208151	-300.009084	249793.850095	-0.000138	-0.000000	32.365495
352	3000.000000	-0.503088	-458.344594	249411.316102	0.000007	0.000000	32.365495
350	3000.000000	-100.254555	-1145.225330	250032.323437	0.000438	-0.000000	32.365495
353	3000.000000	-753.237677	-307.205363	249320.836762	-0.001139	-0.000000	32.365495
355	3000.000000	111.934674	218.519490	251090.103918	0.000142	0.000000	32.365495
354	3000.000000	484.183467	-1002.902462	251375.962749	0.002030	-0.000000	32.365495
356	3000.000000	377.187207	720.734442	251743.728360	0.000350	0.000000	32.365495
357	3000.000000	-343.903798	-1139.489799	248843.994877	-0.000317	0.000000	32.365495
358	3000.000000	43.091669	165.269849	249832.721741	0.000266	-0.000000	32.365495
359	3000.000000	588.144049	-239.674738	253127.291914	0.001094	-0.000000	32.365495
360	3000.000000	-451.895009	239.449989	252590.045007	-0.000598	0.000000	32.365495
361	3000.000000	-155.273240	-445.014093	250409.702169	-0.000139	0.000000	32.365495
362	3000.000000	-362.945970	131.630497	254566.769764	-0.002117	0.000000	32.365495
363	3000.000000	-148.318315	586.349985	250002.204162	-0.000852	-0.000000	32.365495
364	3000.000000	575.707583	464.432491	254599.210690	0.001087	-0.000000	32.365495
365	3000.000000	270.496274	1613.911858	251107.343794	0.000117	0.000000	32.365495
366	3000.000000	-1316.627398	-972.754694	250409.757604	-0.006202	-0.000000	32.365495
367	3000.000000	-408.983353	43.934824	249964.432183	-0.000767	0.000000	32.365495
368	3000.000000	-515.509826	205.037952	254623.202896	-0.001855	0.000000	32.365495
369	3000.000000	-30.916152	-252.998736	248432.128065	0.000304	-0.000000	32.365495
370	3000.000000	-336.842018	704.602086	251161.429439	-0.000260	0.000000	32.365495
371	3000.000000	-532.212171	-31.765207	249758.986763	-0.001217	-0.000000	32.365495
373	3000.000000	-296.238473	-159.733967	252358.540292	-0.000430	0.000000	32.365495
372	3000.000000	568.258192	-1266.692457	250781.877489	0.002573	-0.000000	32.365495
374	3000.000000	-219.812817	118.745375	251545.423487	-0.000066	0.000000	32.365495
375	3000.000000	-108.964599	589.842558	425955.574704	0.000553	0.000000	139.449253
376	3000.000000	-316.931005	-789.845435	250583.849977	-0.000660	-0.000000	32.365495
377	3000.000000	113.435702	-845.200756	251674.357401	0.000262	-0.000000	32.365495
378	3000.000000	-59.810068	215.148573	251975.962219	0.000115	0.000000	32.365495
379	3000.000000	194.337192	644.294291	248455.714063	0.000122	-0.000000	32.365495
380	3000.000000	-339.932823	-590.553087	249156.198806	-0.000105	0.000000	32.365495
381	3000.000000	-764.262637	-485.744387	250972.745299	-0.002908	-0.000000	32.365495
382	3000.000000	141.181372	-380.771079	255896.626947	0.000331	0.000000	32.365495
383	3000.000000	700.669340	36.638490	424693.525611	0.007101	0.000000	138.576497
384	3000.000000	-1614.946029	-680.283207	255737.057368	-0.024379	-0.000000	32.365495
386	3000.000000	312.520495	-972.143868	250024.087669	0.000690	0.000000	32.365495
385	3000.000000	-340.457616	1032.968353	251370.008281	-0.000681	0.000000	32.365495
387	3000.000000	893.962043	365.455813	249321.704211	0.002936	0.000000	32.365495
389	3000.000000	338.981465	384.449699	250109.093523	0.000884	0.000000	32.365495
390	3000.000000	-310.546017	22.445323	249022.353805	-0.000640	-0.000000	32.365495
388	3000.000000	939.217787	-408.069444	252218.076171	0.002502	-0.000000	32.365495
391	3000.000000	-669.767563	50.927169	261446.430620	-0.001850	-0.000000	32.365497
392	3000.000000	72.468470	83.983222	253286.124807	-0.000377	0.000000	32.365495
393	3000.000000	-249.306572	51.876264	251281.974258	-0.000280	0.000000	32.365495
394	3000.000000	-230.613429	-525.041973	251652.937768	-0.001194	-0.000000	32.365495
396	3000.000000	1112.275462	1004.455729	251532.250347	0.003358	0.000000	32.365495
395	3000.000000	326.195759	897.328543	252901.410151	0.001887	0.000000	32.365495
398	3000.000000	-223.199667	386.399720	252065.350160	-0.000351	-0.000000	32.365495
397	3000.000000	-575.905329	-645.802138	251920.386221	-0.002134	-0.000000	32.365495
400	3000.000000	-339.962571	263.146734	250967.519290	-0.000820	-0.000000	32.365495
399	3000.000000	493.894425	-402.981648	251091.324076	0.001241	-0.000000	32.365495
401	3000.000000	252.633290	788.470800	248535.680848	-0.000069	0.000000	32.365495
402	3000.000000	-702.556681	-851.904646	258071.936162	-0.001392	-0.000000	32.365496
403	3000.000000	-51.097811	-858.595877	251803.339340	-0.000036	-0.000000	32.365495
404	3000.000000	141.373344	-91.583641	248973.160773	-0.000193	0.000000	32.365495
405	3000.000000	-55.779907	-1407.727823	250751.615891	0.000188	-0.000000	32.365495
406	3000.000000	-233.117821	1138.957070	252957.756212	-0.000665	0.000000	32.365495
408	3000.000000	-189.963046	-403.178736	249354.926750	-0.000615	0.000000	32.365495
407	3000.000000	-856.093589	368.509766	250765.759089	-0.002426	0.000000	32.365495
409	3000.000000	315.257255	529.220903	249534.272953	0.000210	-0.000000	32.365495
410	3000.000000	881.651831	-1211.711347	248857.992791	0.001246	-0.000000	32.365495
411	3000.000000	-593.412332	527.245521	249270.692983	-0.001316	0.000000	32.365495
412	3000.000000	64.330166	-228.977966	251522.619072	-0.000297	0.000000	32.365495
413	3000.000000	-292.830495	149.890026	252587.986205	-0.000415	0.000000	32.365495
414	3000.000000	-53.584471	-1108.772869	250000.085179	0.000217	-0.000000	32.365495
416	3000.000000	60.442776	-44.174029	404997.616665	-0.000561	0.000000	129.914590
415	3000.000000	-1204.355084	404.930268	250196.500812	-0.010351	0.000000	32.365495
417	3000.000000	510.681580	253.922278	252211.876261	0.000382	-0.000000	32.365495
418	3000.000000	-416.978514	179.654104	250977.747179	-0.000970	0.000000	32.365495
419	3000.000000	579.020514	-419.887371	251628.448877	0.002932	-0.000000	32.365495
420	3000.000000	-67.709983	701.683154	248533.470182	-0.000291	0.000000	32.365495
421	3000.000000	-354.225031	-391.215741	392998.522498	-0.002418	-0.000000	125.781196
422	3000.000000	-85.660492	1093.806888	249282.312031	-0.000392	-0.000000	32.365495
423	3000.000000	491.914346	433.791130	250953.636281	0.001164	0.000000	32.365495
424	3000.000000	67.241185	292.412614	251076.117023	0.000475	0.000000	32.365495
425	3000.000000	-377.769056	315.110437	251270.208980	-0.000450	0.000000	32.365495
426	3000.000000	153.920791	633.189620	250358.217097	0.000677	-0.000000	32.365495
427	3000.000000	365.078262	107.474456	252729.778645	0.000521	-0.000000	32.365495
428	3000.000000	-28.818167	-253.045385	250430.545034	0.000088	0.000000	32.365495
429	3000.000000	1026.812142	581.940170	412132.892983	0.008495	0.000000	134.225173
430	3000.000000	129.572961	-1017.077678	252854.034020	-0.000209	-0.000000	32.365495
432	3000.000000	-257.291582	-421.368153	252421.535649	-0.000019	-0.000000	32.365495
431	3000.000000	-134.680856	-729.487548	253251.976352	0.000160	-0.000000	32.365495
433	3000.000000	1121.343644	-833.647380	253999.625441	0.005233	-0.000000	32.365495
435	3000.000000	83.220829	117.692870	251530.891967	0.000241	0.000000	32.365495
434	3000.000000	-399.828492	-89.309777	253987.977900	-0.000231	-0.000000	32.365495
436	3000.000000	847.801083	-313.881592	250799.449169	0.003111	-0.000000	32.365495
437	3000.000000	-439.654411	-1057.425483	249893.678898	-0.000999	0.000000	32.365495
438	3000.000000	-229.609087	604.383101	253369.418359	-0.000884	0.000000	32.365495
439	3000.000000	-6.308878	-514.139165	252421.426712	-0.000730	-0.000000	32.365495
440	3000.000000	656.008861	-615.010851	249266.583051	0.001808	-0.000000	32.365495
442	3000.000000	-111.380992	-243.162680	250703.452256	-0.000087	0.000000	32.365495
441	3000.000000	401.669907	597.953516	253234.464504	0.000590	0.000000	32.365495
443	3000.000000	-30.925974	-409.651954	249756.737795	-0.000145	-0.000000	32.365495
444	3000.000000	837.937572	92.499706	250152.687905	0.001068	-0.000000	32.365495
446	3000.000000	277.349320	-301.070961	250713.059644	-0.000084	-0.000000	32.365495
445	3000.000000	-496.609373	721.281392	248655.074820	-0.000288	-0.000000	32.365495
447	3000.000000	-169.183551	-815.237675	251569.026221	-0.000203	-0.000000	32.365495
448	3000.000000	148.139464	16.166320	249596.580904	-0.000054	-0.000000	32.365495
449	3000.000000	932.460775	99.482445	250809.151948	0.004001	0.000000	32.365495
450	3000.000000	-194.340155	-873.502461	249505.310332	-0.000368	-0.000000	32.365495
452	3000.000000	-538.367647	-165.663582	249752.330609	-0.001237	0.000000	32.365495
451	3000.000000	-1015.226636	-522.698697	407823.163892	-0.004507	-0.000000	132.618578
453	3000.000000	704.965926	-716.154642	251604.485786	0.002038	-0.000000	32.365495
455	3000.000000	-275.091975	44.102859	251782.652177	-0.000296	-0.000000	32.365495
454	3000.000000	281.432453	571.679500	248706.947627	0.000584	0.000000	32.365495
456	3000.000000	221.019689	35.863531	249986.345422	-0.000163	-0.000000	32.365495
458	3000.000000	500.078268	461.342792	418722.999782	0.001754	-0.000000	136.271731
457	3000.000000	779.285722	736.144326	252192.587235	0.003274	0.000000	32.365495
459	3000.000000	1113.357211	-551.058019	249273.431555	0.001663	0.000000	32.365495
460	3000.000000	-526.266783	43.773672	251309.386533	-0.001427	-0.000000	32.365495
462	3000.000000	133.481051	-144.028988	249590.113715	0.000528	0.000000	32.365495
463	3000.000000	167.636792	820.431702	250766.274367	-0.000000	0.000000	32.365495
461	3000.000000	202.988049	-311.747426	266665.023955	0.000606	0.000000	32.365505
464	3000.000000	188.146081	63.561201	248416.861520	0.000601	-0.000000	32.365495
465	3000.000000	-62.644462	204.970047	249826.246375	-0.000413	0.000000	32.365495
466	3000.000000	-208.443448	-406.280201	252964.130655	-0.000199	-0.000000	32.365495
467	3000.000000	-839.043519	439.051426	249332.401539	-0.000972	-0.000000	32.365495
468	3000.000000	882.229963	167.286429	397858.917866	0.006792	-0.000000	126.962394
469	3000.000000	-1123.962367	1187.672743	252713.303669	-0.003829	0.000000	32.365495
470	3000.000000	-893.606327	467.521749	250485.096395	-0.002652	0.000000	32.365495
471	3000.000000	1667.084084	43.302440	253966.367810	0.025228	-0.000000	32.365495
472	3000.000000	1370.116547	718.521083	252064.804372	0.019059	0.000000	32.365495
473	3000.000000	96.792000	159.059938	251871.069855	0.000338	0.000000	32.365495
474	3000.000000	-197.815511	494.289495	248921.781656	-0.000239	-0.000000	32.365495
475	3000.000000	-604.890573	-366.711178	254041.575001	-0.001289	-0.000000	32.365495
476	3000.000000	197.473179	-405.574061	251226.189800	0.000466	0.000000	32.365495
477	3000.000000	-837.429558	23.610465	249694.075508	-0.003034	0.000000	32.365495
478	3000.000000	529.291113	106.138825	250464.076074	0.000593	-0.000000	32.365495
479	3000.000000	252.077504	162.025672	251829.281133	0.000508	0.000000	32.365495
480	3000.000000	-257.345800	-597.253625	249179.655970	-0.000351	0.000000	32.365495
481	3000.000000	-342.528520	344.425760	412500.630642	-0.001322	0.000000	133.768930
482	3000.000000	71.321088	295.353537	251889.596873	0.000957	0.000000	32.365495
484	3000.000000	-161.671402	200.720317	252133.270718	0.000080	-0.000000	32.365495
483	3000.000000	566.295696	-74.652785	252121.948081	0.002365	-0.000000	32.365495
485	3000.000000	82.959032	-493.528242	250751.696979	-0.000249	-0.000000	32.365495
487	3000.000000	-118.811881	289.152168	251145.057896	-0.000391	-0.000000	32.365495
486	3000.000000	-480.413892	-34.464685	252407.598852	-0.001942	-0.000000	32.365495
488	3000.000000	-1240.479897	-253.551420	249342.377398	-0.003323	-0.000000	32.365495
489	3000.000000	171.024789	685.169985	251211.877844	0.000007	0.000000	32.365495
490	3000.000000	-326.322668	-480.064691	251266.114208	-0.000125	-0.000000	32.365495
491	3000.000000	662.367071	-602.873658	250596.821561	0.002932	-0.000000	32.365495
492	3000.000000	968.653611	116.883881	249523.168350	0.001710	0.000000	32.365495
493	3000.000000	8.548462	-295.292419	250859.355375	-0.000451	0.000000	32.365495
494	3000.000000	-130.786382	-542.207285	250837.206340	-0.000616	-0.000000	32.365495
495	3000.000000	325.605159	545.828402	251308.971265	0.000219	0.000000	32.365495
496	3000.000000	1083.458701	106.894069	254008.202067	0.005388	0.000000	32.365495
497	3000.000000	-632.674903	516.792433	252825.882819	-0.003454	0.000000	32.365495
499	3000.000000	219.000101	443.094200	249963.495295	0.000308	0.000000	32.365495
498	3000.000000	-530.479896	90.906221	250907.598241	-0.000320	0.000000	32.365495
500	3000.000000	-75.371557	-393.139846	249672.165009	0.000177	0.000000	32.365495
501	3000.000000	-317.610247	-405.419738	250372.812819	-0.000467	-0.000000	32.365495
503	3000.000000	-103.728804	-349.410365	251464.134022	-0.000809	0.000000	32.365495
502	3000.000000	-13.635619	-274.199825	252198.389186	-0.000047	-0.000000	32.365495
504	3000.000000	-234.264390	-204.688581	252932.349789	-0.000647	0.000000	32.365495
505	3000.000000	18.713579	-28.131164	249573.773940	-0.000187	0.000000	32.365495
507	3000.000000	-372.456569	325.099043	250147.396445	-0.000555	0.000000	32.365495
506	3000.000000	-149.615098	-357.676615	249251.803204	-0.000412	-0.000000	32.365495
508	3000.000000	1251.411756	-874.294859	250690.024851	0.004215	-0.000000	32.365495
510	3000.000000	174.762720	266.954092	425123.398844	-0.000139	-0.000000	138.411167
511	3000.000000	-360.989047	310.894834	251845.370488	-0.001512	0.000000	32.365495
509	3000.000000	-846.596717	-563.989218	253601.102669	-0.005202	-0.000000	32.365495
513	3000.000000	187.794986	-97.176517	251786.525654	-0.000074	0.000000	32.365495
512	3000.000000	-44.731443	522.112909	251415.276555	-0.000655	0.000000	32.365495
515	3000.000000	-332.986073	139.512263	252122.176391	-0.001115	-0.000000	32.365495
514	3000.000000	401.736549	92.751784	249312.377447	0.000388	0.000000	32.365495
517	3000.000000	-532.682445	74.784455	251439.037220	-0.000754	0.000000	32.365495
516	3000.000000	-926.081863	-178.496351	254028.783792	-0.004478	0.000000	32.365495
519	3000.000000	-264.367731	-383.608960	251933.279800	-0.000805	0.000000	32.365495
518	3000.000000	248.238476	685.458931	251963.922415	0.000267	0.000000	32.365495
520	3000.000000	-167.146010	-65.839553	249641.816594	-0.000346	-0.000000	32.365495
521	3000.000000	-116.359123	-570.617088	249579.771622	-0.000093	0.000000	32.365495
522	3000.000000	-108.551025	127.788593	249869.952082	0.000296	-0.000000	32.365495
523	3000.000000	707.584906	1098.629500	251874.655937	0.001582	0.000000	32.365495
524	3000.000000	289.687924	349.421978	254872.756336	0.000914	-0.000000	32.365495
525	3000.000000	627.155028	241.700372	252054.625739	0.001391	0.000000	32.365495
526	3000.000000	290.176844	1041.486170	254470.220471	0.001822	0.000000	32.365495
527	3000.000000	-210.918014	-143.869739	249241.383199	0.000075	0.000000	32.365495
528	3000.000000	455.134392	-198.301617	251276.270400	0.001090	0.000000	32.365495
531	3000.000000	163.595301	-252.759132	249144.249824	0.000007	0.000000	32.365495
530	3000.000000	8.691307	-311.730288	248397.882778	0.000040	-0.000000	32.365495
529	3000.000000	1134.574760	-79.513684	252443.561900	0.007396	0.000000	32.365495
532	3000.000000	854.384921	-742.928887	249285.773934	0.001289	0.000000	32.365495
534	3000.000000	256.538001	99.160841	249214.887197	0.000164	0.000000	32.365495
535	3000.000000	82.320573	-6.162625	254309.417043	-0.000161	-0.000000	32.365495
533	3000.000000	-742.208473	-56.656652	252574.462645	-0.002338	-0.000000	32.365495
536	3000.000000	-143.591562	-18.728377	252237.860073	-0.000869	-0.000000	32.365495
538	3000.000000	-296.945131	-814.178235	252115.166964	-0.000618	-0.000000	32.365495
537	3000.000000	-492.561856	212.655274	253119.370007	-0.001017	0.000000	32.365495
539	3000.000000	-462.463619	206.851170	251741.212066	-0.000691	-0.000000	32.365495
540	3000.000000	707.012255	-71.584064	418502.734672	0.002626	-0.000000	135.618967
541	3000.000000	153.935848	-886.809672	251154.451554	0.000676	-0.000000	32.365495
542	3000.000000	687.923877	106.268691	251668.754121	0.004716	0.000000	32.365495
543	3000.000000	-77.859482	1294.983835	250387.526928	-0.000243	-0.000000	32.365495
544	3000.000000	1057.286401	-88.886065	252491.195631	0.002943	-0.000000	32.365495
546	3000.000000	-161.857435	-121.344468	256859.137588	-0.000473	-0.000000	32.365495
545	3000.000000	-1076.741170	-62.878372	417586.531899	-0.008810	0.000000	136.531405
547	3000.000000	-493.022425	696.429079	250291.143257	-0.000502	-0.000000	32.365495
548	3000.000000	-337.081701	-82.802736	249949.250772	-0.000740	0.000000	32.365495
549	3000.000000	104.366731	-528.682023	252181.635481	-0.000224	0.000000	32.365495
550	3000.000000	882.838545	-1287.934070	249799.398553	0.003957	-0.000000	32.365495
551	3000.000000	199.600773	598.403477	253436.757926	0.000202	0.000000	32.365495
552	3000.000000	-383.821666	-1218.610247	252232.498497	-0.001165	-0.000000	32.365495
553	3000.000000	-229.158488	-616.094144	252650.577652	-0.000110	-0.000000	32.365495
554	3000.000000	-553.263763	533.749961	249174.819165	-0.001578	0.000000	32.365495
555	3000.000000	-530.973758	-179.742747	257393.505571	-0.003627	-0.000000	32.365495
556	3000.000000	74.003164	-599.897330	250135.371639	0.000190	0.000000	32.365495
557	3000.000000	547.100132	466.997228	248813.623940	0.000337	-0.000000	32.365495
558	3000.000000	506.046605	-129.492622	251054.409790	0.002212	0.000000	32.365495
559	3000.000000	-199.994590	797.896371	250222.280932	-0.000440	-0.000000	32.365495
560	3000.000000	-311.518854	-400.370150	252070.201531	-0.000366	-0.000000	32.365495
561	3000.000000	679.166075	258.277310	250625.752153	0.002420	0.000000	32.365495
563	3000.000000	301.387642	62.881858	248896.193323	-0.000023	-0.000000	32.365495
562	3000.000000	-67.098985	4.734689	256085.411672	0.000541	0.000000	32.365495
564	3000.000000	650.037381	-171.480712	248519.891991	0.001160	-0.000000	32.365495
565	3000.000000	453.976781	-996.647339	250150.939052	0.000632	0.000000	32.365495
566	3000.000000	-253.025307	45.878955	253024.971455	-0.000172	0.000000	32.365495
567	3000.000000	-35.921793	211.062892	250149.318626	0.000341	-0.000000	32.365495
569	3000.000000	-763.003581	193.865568	249899.764997	-0.000802	-0.000000	32.365495
568	3000.000000	33.548159	-965.765878	252962.645929	0.000692	-0.000000	32.365495
570	3000.000000	710.258610	61.639598	250564.637702	0.001754	0.000000	32.365495
571	3000.000000	-1391.717099	-416.282383	250079.025499	-0.004068	-0.000000	32.365495
572	3000.000000	-219.989955	-165.918157	248636.280488	-0.000903	0.000000	32.365495
574	3000.000000	-525.082580	903.014505	256946.061982	-0.001065	0.000000	32.365495
573	3000.000000	-745.217117	1288.491399	251857.914618	-0.004514	0.000000	32.365495
575	3000.000000	-313.130247	-92.940669	249559.865582	-0.000269	-0.000000	32.365495
576	3000.000000	401.207383	-149.235583	251377.353478	0.001626	-0.000000	32.365495
579	3000.000000	-108.023739	-323.872024	251077.570328	0.000227	0.000000	32.365495
578	3000.000000	327.041719	-96.102781	255932.205537	0.000739	0.000000	32.365495
577	3000.000000	643.909285	-441.563473	248802.403616	0.001997	-0.000000	32.365495
580	3000.000000	732.100441	217.512475	251395.504675	0.001825	-0.000000	32.365495
582	3000.000000	-202.709088	-97.902528	249247.192638	-0.000008	0.000000	32.365495
583	3000.000000	430.111332	-473.873957	249289.427997	0.000953	0.000000	32.365495
581	3000.000000	951.308450	992.395509	252763.463711	0.011007	0.000000	32.365495
585	3000.000000	-306.150595	-322.679163	257400.254344	-0.001968	-0.000000	32.365495
584	3000.000000	671.635481	-1558.305858	253085.231370	0.001327	-0.000000	32.365495
587	3000.000000	135.297833	94.755840	251210.201274	0.000603	-0.000000	32.365495
586	3000.000000	408.577397	1146.129217	251195.333777	0.001900	0.000000	32.365495
588	3000.000000	192.991921	264.838673	248799.350516	0.000642	-0.000000	32.365495
589	3000.000000	165.961721	4.639774	249679.018766	0.000622	-0.000000	32.365495
590	3000.000000	-272.338461	508.187005	252354.400380	-0.001248	-0.000000	32.365495
591	3000.000000	85.846458	901.895361	250878.199662	-0.000440	0.000000	32.365495
592	3000.000000	233.985857	-479.328584	252076.421966	-0.000122	0.000000	32.365495
593	3000.000000	331.705308	523.431507	250802.794083	0.000691	0.000000	32.365495
594	3000.000000	-890.831931	256.679785	414491.714937	-0.021319	0.000000	133.913375
595	3000.000000	537.346205	-531.286828	431141.704977	0.003219	-0.000000	141.106305
596	3000.000000	-630.145396	-372.225279	252452.644163	-0.001713	0.000000	32.365495
597	3000.000000	439.167904	199.236631	250274.411644	0.000347	-0.000000	32.365495
598	3000.000000	510.497032	220.290271	258937.882756	0.001406	0.000000	32.365495
599	3000.000000	-615.295838	95.238695	419989.462351	-0.001745	0.000000	137.325380
600	3000.000000	34.320832	408.203272	253588.758873	0.000198	0.000000	32.365495
601	3000.000000	29.716489	-385.832851	251292.013164	-0.000060	-0.000000	32.365495
602	3000.000000	-141.942650	772.476907	248990.982717	0.000086	0.000000	32.365495
605	3000.000000	-196.020821	77.438371	251199.030052	-0.000452	0.000000	32.365495
604	3000.000000	487.607914	185.860837	252345.213838	0.001441	0.000000	32.365495
603	3000.000000	1114.654369	400.152583	251536.030383	0.008824	0.000000	32.365495
606	3000.000000	-297.114517	990.369860	250142.067673	-0.000416	0.000000	32.365495
607	3000.000000	388.767726	265.337325	251113.395329	0.000796	-0.000000	32.365495
608	3000.000000	872.048281	-46.667619	252568.212990	0.002155	-0.000000	32.365495
609	3000.000000	-487.799912	254.954738	251487.905863	-0.001963	0.000000	32.365495
610	3000.000000	-262.114014	515.062578	412825.670251	-0.003009	0.000000	133.451453
612	3000.000000	-287.142009	207.404371	373541.781323	-0.000739	-0.000000	116.813667
611	3000.000000	594.392780	-541.951423	253064.303152	0.002099	-0.000000	32.365495
613	3000.000000	-1029.510776	256.653786	252216.922406	-0.002022	-0.000000	32.365495
614	3000.000000	32.763370	-418.620206	252480.658233	-0.000001	-0.000000	32.365495
615	3000.000000	-422.294499	-419.819105	252663.951568	-0.000883	-0.000000	32.365495
616	3000.000000	-434.522587	613.755511	252500.619301	-0.000516	0.000000	32.365495
617	3000.000000	228.133890	244.578689	250705.335413	0.000284	0.000000	32.365495
618	3000.000000	-389.143423	129.521066	252316.237655	-0.001442	-0.000000	32.365495
621	3000.000000	201.536691	161.448735	248331.184805	-0.000140	0.000000	32.365495
619	3000.000000	868.330297	422.782486	251867.447481	0.004855	0.000000	32.365495
620	3000.000000	749.145524	-991.600632	252127.138689	0.003107	-0.000000	32.365495
622	3000.000000	-224.850329	-164.667782	411349.726179	0.000414	0.000000	134.159085
623	3000.000000	-425.059623	619.589249	250343.751337	-0.001412	0.000000	32.365495
624	3000.000000	-1570.846814	-17.733946	249596.164055	-0.011847	0.000000	32.365495
625	3000.000000	296.934222	-250.725198	254592.066240	0.000323	0.000000	32.365495
626	3000.000000	-234.859280	-544.170897	248700.837887	0.000033	0.000000	32.365495
627	3000.000000	-374.145673	-128.239781	251612.689706	-0.000843	-0.000000	32.365495
630	3000.000000	-121.914012	-346.890433	251735.745150	-0.000150	-0.000000	32.365495
629	3000.000000	-361.839519	-513.467271	248842.993760	-0.000448	0.000000	32.365495
628	3000.000000	-949.378769	-640.117162	251074.209021	-0.004260	-0.000000	32.365495
631	3000.000000	664.399493	534.090125	251379.053822	0.001473	-0.000000	32.365495
632	3000.000000	575.749167	-414.638053	253527.190245	0.001314	0.000000	32.365495
634	3000.000000	579.861683	229.809125	250918.771387	0.001207	0.000000	32.365495
633	3000.000000	-809.679271	-130.040482	251128.256778	-0.002365	-0.000000	32.365495
635	3000.000000	-1201.622996	288.444541	419183.992113	-0.010942	-0.000000	137.075630
636	3000.000000	1278.702084	-693.342832	249578.955951	0.005427	-0.000000	32.365495
637	3000.000000	-227.800940	681.321845	251087.118890	-0.000555	0.000000	32.365495
638	3000.000000	1094.900640	-994.352151	249461.358164	0.001985	-0.000000	32.365495
639	3000.000000	-101.755455	-18.217047	250907.708961	-0.000201	-0.000000	32.365495
641	3000.000000	-344.012249	205.460009	251630.953097	-0.000097	-0.000000	32.365495
640	3000.000000	0.452678	677.729577	251293.911640	0.000434	0.000000	32.365495
642	3000.000000	-828.435586	-92.599874	424877.048610	-0.003527	-0.000000	138.329118
643	3000.000000	-202.253775	50.394579	252200.540109	0.000079	-0.000000	32.365495
644	3000.000000	-984.615803	-608.355125	250174.526656	-0.002448	-0.000000	32.365495
645	3000.000000	-218.212685	-716.985588	249169.375051	-0.000344	0.000000	32.365495
646	3000.000000	-979.281598	304.834959	254833.998422	-0.004297	0.000000	32.365495
647	3000.000000	-265.697910	233.465226	250447.012651	-0.000594	0.000000	32.365495
649	3000.000000	917.667244	105.166772	251861.769052	0.005625	0.000000	32.365495
650	3000.000000	347.901584	-120.565635	251344.206789	0.000169	0.000000	32.365495
648	3000.000000	-165.721603	1322.056042	254497.809687	-0.000792	0.000000	32.365495
651	3000.000000	191.671639	-334.764890	250415.447234	0.000645	-0.000000	32.365495
653	3000.000000	239.913513	-41.034675	251031.702026	0.000189	0.000000	32.365495
654	3000.000000	-49.833123	-163.784132	252070.650085	-0.000450	-0.000000	32.365495
652	3000.000000	607.670718	229.939992	252241.307036	0.001124	0.000000	32.365495
655	3000.000000	722.808201	327.674276	257670.408653	0.001666	0.000000	32.365495
656	3000.000000	101.429158	475.458613	250944.729782	-0.000179	0.000000	32.365495
657	3000.000000	26.808162	-58.493463	252647.678401	-0.000596	-0.000000	32.365495
658	3000.000000	-331.905731	-144.644271	250262.266388	-0.000382	-0.000000	32.365495
660	3000.000000	491.409183	555.264929	251275.135150	0.000270	-0.000000	32.365495
659	3000.000000	850.748664	-486.902948	250462.564842	0.003727	-0.000000	32.365495
661	3000.000000	-216.115353	106.880148	251673.201312	-0.000700	-0.000000	32.365495
662	3000.000000	-229.370345	-561.603205	254581.702950	-0.000927	-0.000000	32.365495
665	3000.000000	57.150171	-300.247699	433900.854006	0.000690	0.000000	142.399768
663	3000.000000	322.332835	-705.052434	250720.716320	0.000879	-0.000000	32.365495
664	3000.000000	-1098.297675	-451.118202	249833.731581	-0.001969	0.000000	32.365495
666	3000.000000	-260.657906	141.184847	252107.764076	-0.000668	0.000000	32.365495
669	3000.000000	-592.833608	452.560616	251276.432353	-0.000803	-0.000000	32.365495
667	3000.000000	-546.430525	180.504569	250069.716263	-0.001491	0.000000	32.365495
670	3000.000000	-378.952602	-484.061719	250239.681802	-0.000334	0.000000	32.365495
668	3000.000000	-886.941680	-1397.267515	248763.171207	-0.001126	-0.000000	32.365495
672	3000.000000	380.903519	-434.157012	248726.413339	0.000306	-0.000000	32.365495
674	3000.000000	-93.003694	-454.582503	249784.813224	-0.000573	-0.000000	32.365495
671	3000.000000	535.109472	-707.644015	252556.430769	0.001502	-0.000000	32.365495
673	3000.000000	46.334389	1666.999185	248934.046414	0.000499	0.000000	32.365495
675	3000.000000	-808.675373	296.227710	251941.921992	-0.003058	0.000000	32.365495
677	3000.000000	391.653720	618.473361	248909.486559	0.000602	-0.000000	32.365495
676	3000.000000	-354.896749	-1076.970764	255731.457388	-0.000517	-0.000000	32.365495
678	3000.000000	-204.025803	-1523.141258	249873.884867	-0.000880	-0.000000	32.365495
679	3000.000000	-238.850063	-71.257855	248454.055266	-0.000388	-0.000000	32.365495
681	3000.000000	189.323378	-140.619676	251003.661483	0.000318	0.000000	32.365495
680	3000.000000	314.321687	-4.957266	251108.792269	0.000640	-0.000000	32.365495
682	3000.000000	128.480036	747.688051	251234.642674	0.000109	0.000000	32.365495
683	3000.000000	-410.277995	281.885623	255341.498860	-0.001935	-0.000000	32.365495
686	3000.000000	-21.456043	128.760850	249216.525133	0.000067	-0.000000	32.365495
684	3000.000000	-677.250324	90.037971	258675.966555	-0.002505	0.000000	32.365495
685	3000.000000	-885.008278	-1319.288176	250055.031451	-0.001370	-0.000000	32.365495
688	3000.000000	170.332085	274.364746	252582.644915	0.000273	0.000000	32.365495
690	3000.000000	-199.655131	117.640748	254903.364849	-0.000385	0.000000	32.365495
687	3000.000000	-768.270480	-392.805939	251388.271201	-0.001085	-0.000000	32.365495
689	3000.000000	-348.935832	374.597749	255033.456208	-0.001037	0.000000	32.365495
691	3000.000000	-154.380365	-15.199140	252944.139495	-0.000665	-0.000000	32.365495
692	3000.000000	-578.514019	321.080854	250792.789085	-0.000719	0.000000	32.365495
694	3000.000000	-730.133692	30.943022	251303.572102	-0.003600	-0.000000	32.365495
693	3000.000000	1002.780916	264.833001	253579.496398	0.005758	0.000000	32.365495
695	3000.000000	-576.474701	-27.382332	249313.748891	-0.000510	-0.000000	32.365495
696	3000.000000	139.372235	-705.948653	253620.884937	0.001685	-0.000000	32.365495
697	3000.000000	-55.267922	373.151148	252078.569237	-0.000565	0.000000	32.365495
698	3000.000000	-1237.535320	184.799875	256549.155060	-0.015498	-0.000000	32.365495
699	3000.000000	-314.445018	206.306399	250772.164660	-0.000552	-0.000000	32.365495
700	3000.000000	-594.187812	-481.751476	250299.309263	-0.000699	0.000000	32.365495
701	3000.000000	526.744351	146.817188	251395.923849	0.001324	-0.000000	32.365495
702	3000.000000	-347.552406	-251.107789	254577.556876	-0.001695	-0.000000	32.365495
703	3000.000000	-788.074313	161.827328	251738.861458	-0.001363	-0.000000	32.365495
704	3000.000000	533.445109	616.978676	252725.393773	0.001492	0.000000	32.365495
705	3000.000000	-93.250696	842.457932	252382.037257	-0.000215	0.000000	32.365495
706	3000.000000	249.239737	581.495872	251412.549347	0.000539	0.000000	32.365495
707	3000.000000	960.999624	534.194668	251046.890606	0.005002	0.000000	32.365495
710	3000.000000	473.007091	180.563962	249719.330086	0.000837	-0.000000	32.365495
708	3000.000000	-573.899909	-336.231444	251941.032459	-0.000743	-0.000000	32.365495
709	3000.000000	-146.172388	325.040931	249304.272952	-0.000605	-0.000000	32.365495
711	3000.000000	-429.269136	-229.632787	438694.336014	-0.000881	0.000000	143.557858
713	3000.000000	-781.905614	518.993739	250671.154189	-0.001581	-0.000000	32.365495
712	3000.000000	679.363082	628.372990	251613.291673	0.001024	0.000000	32.365495
714	3000.000000	736.046250	345.449311	256714.165185	0.003497	0.000000	32.365495
715	3000.000000	-361.611961	-299.943519	250431.187326	-0.000537	-0.000000	32.365495
718	3000.000000	-93.725365	-63.154636	251647.185741	0.000051	-0.000000	32.365495
716	3000.000000	-229.241015	516.199810	368591.234341	-0.002598	0.000000	113.022603
717	3000.000000	469.507101	-1695.655970	250788.892308	0.001746	-0.000000	32.365495
719	3000.000000	-181.141909	-272.731120	252892.032392	-0.001545	-0.000000	32.365495
721	3000.000000	-167.732419	-959.798054	249145.979718	-0.000380	0.000000	32.365495
720	3000.000000	-164.314658	-1402.365782	412863.752155	0.000417	-0.000000	134.124027
722	3000.000000	301.909940	132.804440	249263.620335	0.000432	-0.000000	32.365495
723	3000.000000	506.805085	-95.401839	251317.074495	0.001126	0.000000	32.365495
725	3000.000000	-177.953785	132.654300	249029.552481	0.000148	0.000000	32.365495
724	3000.000000	57.325806	-955.746713	250523.576322	0.000449	-0.000000	32.365495
726	3000.000000	-1024.668433	636.271361	251516.659815	-0.006280	0.000000	32.365495
727	3000.000000	-654.746341	-1216.352984	250969.682342	-0.001180	-0.000000	32.365495
728	3000.000000	874.552236	648.552855	249190.961178	0.002358	-0.000000	32.365495
729	3000.000000	-679.889149	1131.403233	249947.361067	-0.001584	-0.000000	32.365495
730	3000.000000	-1005.005272	344.995678	251158.103181	-0.006908	0.000000	32.365495
731	3000.000000	147.853433	901.512907	253067.429702	-0.000134	0.000000	32.365495
732	3000.000000	-193.171933	920.940947	250746.898789	-0.000857	-0.000000	32.365495
733	3000.000000	-19.858665	689.464306	251607.004229	-0.000568	0.000000	32.365495
734	3000.000000	-635.253203	-691.719477	248669.460975	-0.001175	0.000000	32.365495
735	3000.000000	234.757901	-235.259704	251068.992956	0.000886	0.000000	32.365495
736	3000.000000	405.666088	97.950786	253496.522998	0.001787	-0.000000	32.365495
739	3000.000000	505.416846	341.425355	250167.792210	0.000381	-0.000000	32.365495
737	3000.000000	-593.715105	402.355784	253570.434853	-0.004208	0.000000	32.365495
738	3000.000000	-488.009851	-542.156324	255165.829375	-0.001786	0.000000	32.365495
740	3000.000000	-626.669553	-504.569434	251357.398624	-0.001578	-0.000000	32.365495
741	3000.000000	-311.388117	-171.938497	250216.379304	-0.000165	-0.000000	32.365495
742	3000.000000	225.444768	526.404072	248959.602365	-0.000115	-0.000000	32.365495
743	3000.000000	-1928.322907	476.620068	410581.233027	-0.031517	0.000000	133.705862
744	3000.000000	341.916299	-47.659756	251714.789031	0.000488	-0.000000	32.365495
745	3000.000000	-225.317011	219.599378	251520.105886	0.000115	0.000000	32.365495
746	3000.000000	-465.894473	56.810911	251671.868076	-0.000799	-0.000000	32.365495
747	3000.000000	497.611285	162.305519	250025.511588	0.000503	0.000000	32.365495
748	3000.000000	1604.256924	-395.502766	249121.766656	0.017004	-0.000000	32.365495
749	3000.000000	-1673.061580	388.098367	412256.910438	-0.024646	0.000000	133.249051
750	3000.000000	-422.296470	220.911224	251969.627081	-0.000314	0.000000	32.365495
751	3000.000000	-0.132451	-824.303823	249609.202383	-0.000153	0.000000	32.365495
752	3000.000000	-60.021059	-202.013188	252925.234887	0.000534	-0.000000	32.365495
753	3000.000000	468.955072	-678.458930	250680.462612	0.001213	0.000000	32.365495
754	3000.000000	1167.599137	224.531321	250873.523324	0.003016	0.000000	32.365495
755	3000.000000	-58.816857	863.889391	249487.436842	-0.000565	-0.000000	32.365495
757	3000.000000	-197.983577	-214.481897	249818.709276	-0.000412	0.000000	32.365495
756	3000.000000	-1108.569197	361.191794	249778.716656	-0.002430	-0.000000	32.365495
758	3000.000000	-20.655834	426.851602	249736.148266	0.000108	0.000000	32.365495
759	3000.000000	-573.367163	407.604194	251721.563578	-0.000999	-0.000000	32.365495
760	3000.000000	-2.436022	-200.495075	250250.233724	-0.000653	-0.000000	32.365495
762	3000.000000	78.109182	367.541837	250242.461224	-0.000046	-0.000000	32.365495
761	3000.000000	-1557.331016	80.945769	253250.677272	-0.015828	0.000000	32.365495
763	3000.000000	-147.412619	-1016.888765	249756.888186	-0.000176	0.000000	32.365495
765	3000.000000	115.826118	265.759140	250160.114665	-0.000117	-0.000000	32.365495
764	3000.000000	-180.163750	91.805659	252841.080263	-0.000726	0.000000	32.365495
766	3000.000000	-639.299968	-184.243181	250406.587471	-0.000647	-0.000000	32.365495
767	3000.000000	294.975560	-764.578470	251092.585601	0.000956	-0.000000	32.365495
769	3000.000000	13.043214	156.637853	253826.080585	0.000413	-0.000000	32.365495
768	3000.000000	822.859602	6.844713	252689.167292	0.005484	0.000000	32.365495
770	3000.000000	-427.457996	551.930607	252893.253826	-0.001478	0.000000	32.365495
771	3000.000000	340.886093	617.009105	255682.452989	0.000323	-0.000000	32.365495
772	3000.000000	-548.613787	340.908614	251019.489436	-0.000461	0.000000	32.365495
773	3000.000000	468.325261	-326.444612	249559.358709	0.001134	-0.000000	32.365495
774	3000.000000	298.621603	1051.899305	250470.906864	0.000099	-0.000000	32.365495
775	3000.000000	-695.052055	947.178965	249337.712194	-0.001016	0.000000	32.365495
776	3000.000000	-836.260611	41.536149	249778.831554	-0.001621	-0.000000	32.365495
778	3000.000000	-172.248972	273.597728	251873.985604	0.000090	0.000000	32.365495
777	3000.000000	398.798127	-1637.460309	251018.818912	0.000668	-0.000000	32.365495
779	3000.000000	319.574882	-431.734282	250884.148681	0.000063	0.000000	32.365495
780	3000.000000	207.310669	335.328009	249025.086767	0.000165	0.000000	32.365495
782	3000.000000	270.650112	-57.571935	249202.817289	0.000328	-0.000000	32.365495
781	3000.000000	-55.671079	-579.665041	251238.657871	0.000165	-0.000000	32.365495
783	3000.000000	-332.784701	264.744626	253619.741541	-0.000602	0.000000	32.365495
784	3000.000000	319.081999	49.973250	250802.724161	-0.000014	-0.000000	32.365495
785	3000.000000	52.663783	815.198081	249322.655665	0.000026	-0.000000	32.365495
786	3000.000000	691.939775	-406.336866	248857.557689	0.000765	0.000000	32.365495
787	3000.000000	-256.067008	-559.638050	249063.739932	-0.000219	0.000000	32.365495
788	3000.000000	-104.432066	-387.876346	252574.693240	-0.000433	-0.000000	32.365495
789	3000.000000	-414.473121	-69.294818	249555.516927	-0.000656	-0.000000	32.365495
790	3000.000000	582.274642	681.299248	419331.472229	0.002533	0.000000	136.221685
791	3000.000000	-84.943686	-196.950985	251875.255356	-0.000134	0.000000	32.365495
792	3000.000000	140.586082	426.639581	250960.881794	0.000497	-0.000000	32.365495
793	3000.000000	-303.021791	446.196448	248960.187137	-0.000571	0.000000	32.365495
794	3000.000000	-30.618711	-1137.399085	254127.557120	-0.000379	-0.000000	32.365495
795	3000.000000	539.340627	-224.341295	252136.110007	0.001492	-0.000000	32.365495
796	3000.000000	801.919472	-824.411820	250268.843055	0.003466	-0.000000	32.365495
797	3000.000000	1133.278745	-1025.202263	250221.783453	0.003970	-0.000000	32.365495
799	3000.000000	414.446574	211.182397	252400.127868	0.000732	-0.000000	32.365495
798	3000.000000	-770.049844	-288.186885	253464.512480	-0.007497	-0.000000	32.365495
800	3000.000000	-451.266394	348.984050	424380.559130	-0.002803	0.000000	138.077829
801	3000.000000	258.169511	-712.400490	251658.942257	0.000107	0.000000	32.365495
802	3000.000000	320.766964	-282.167970	255227.035184	0.000704	0.000000	32.365495
804	3000.000000	269.891113	415.119317	249146.880413	0.000218	-0.000000	32.365495
803	3000.000000	-945.591830	1114.509907	251285.726431	-0.002739	0.000000	32.365495
805	3000.000000	737.223475	1107.162152	249397.552031	0.001427	0.000000	32.365495
806	3000.000000	-334.110593	-1426.653495	251293.264545	-0.001058	-0.000000	32.365495
807	3000.000000	-648.314210	-520.597791	248569.348274	-0.001614	-0.000000	32.365495
808	3000.000000	-506.983729	-335.131734	252659.842313	-0.001127	-0.000000	32.365495
809	3000.000000	547.158874	-627.792694	251842.872943	0.001807	-0.000000	32.365495
810	3000.000000	-245.860807	-193.419913	252733.210739	-0.000056	-0.000000	32.365495
811	3000.000000	331.003206	395.947597	416056.889370	0.001983	-0.000000	135.942960
812	3000.000000	786.090994	175.650805	250298.971576	0.001144	0.000000	32.365495
813	3000.000000	-1096.349141	-332.095576	249852.587179	-0.001844	0.000000	32.365495
814	3000.000000	-244.717742	423.510106	252078.710510	-0.000519	-0.000000	32.365495
815	3000.000000	549.574469	272.820983	248343.592367	0.000325	0.000000	32.365495
816	3000.000000	-226.414448	612.186441	249119.972493	0.000044	-0.000000	32.365495
818	3000.000000	272.670526	210.656062	427924.447251	0.000169	-0.000000	140.454399
817	3000.000000	-37.444088	826.381716	253199.143100	0.000015	0.000000	32.365495
819	3000.000000	30.331051	4.010229	250050.510525	-0.000502	0.000000	32.365495
821	3000.000000	54.713913	179.406130	251270.415104	0.000004	-0.000000	32.365495
820	3000.000000	371.529185	735.587394	252166.294759	0.001194	0.000000	32.365495
822	3000.000000	277.852517	-800.930339	252070.344756	0.000371	0.000000	32.365495
823	3000.000000	-232.870893	228.383616	419668.748563	-0.002423	0.000000	137.177670
824	3000.000000	213.623466	-209.219626	428519.912442	0.001487	-0.000000	139.950420
825	3000.000000	-169.462890	-879.433547	251214.665678	-0.000483	-0.000000	32.365495
826	3000.000000	-73.999247	-824.916086	250299.652058	-0.000272	-0.000000	32.365495
827	3000.000000	1072.823764	-241.308042	249070.030891	0.001853	0.000000	32.365495
828	3000.000000	-39.820265	-1185.901965	248834.789465	-0.000379	0.000000	32.365495
829	3000.000000	806.882456	-259.632686	249360.817396	0.000869	0.000000	32.365495
830	3000.000000	87.215894	-334.725175	252140.560063	0.000226	-0.000000	32.365495
832	3000.000000	22.318214	459.276354	251574.092933	0.000204	-0.000000	32.365495
831	3000.000000	1115.063286	950.094285	253038.988297	0.008196	0.000000	32.365495
833	3000.000000	653.008292	680.810137	248425.590777	0.000584	-0.000000	32.365495
834	3000.000000	-86.056459	-427.780775	251761.746335	-0.000246	0.000000	32.365495
835	3000.000000	998.122198	-317.133576	251770.908493	0.003215	-0.000000	32.365495
836	3000.000000	56.072828	779.534056	250250.770241	0.000253	-0.000000	32.365495
837	3000.000000	-148.397998	419.155557	248274.914741	-0.000440	-0.000000	32.365495
838	3000.000000	-803.319155	277.379515	249591.662289	-0.001804	0.000000	32.365495
839	3000.000000	-1065.257199	-27.712976	250628.208139	-0.002530	-0.000000	32.365495
840	3000.000000	-714.678912	-280.803979	251227.393493	-0.001959	0.000000	32.365495
841	3000.000000	-592.335152	687.244932	249503.866276	-0.000493	0.000000	32.365495
842	3000.000000	-890.762875	618.535872	250133.077338	-0.001742	-0.000000	32.365495
844	3000.000000	-624.107966	-719.881144	250655.791041	-0.000882	-0.000000	32.365495
843	3000.000000	-812.499812	-174.476443	249504.350673	-0.001792	-0.000000	32.365495
845	3000.000000	-51.753919	1033.490931	423888.550933	0.000545	-0.000000	138.421413
846	3000.000000	246.213524	334.620734	250540.661009	0.000560	0.000000	32.365495
847	3000.000000	-113.459405	-159.613842	248734.685196	0.000331	-0.000000	32.365495
848	3000.000000	1300.409897	-26.234709	248147.020176	0.004190	0.000000	32.365495
849	3000.000000	-711.285751	733.644147	249371.058507	-0.000750	-0.000000	32.365495
850	3000.000000	-750.626043	531.483389	251102.002807	-0.003270	0.000000	32.365495
851	3000.000000	22.709102	437.171290	253148.845900	-0.000011	0.000000	32.365495
852	3000.000000	-107.024455	-206.421228	252356.366312	-0.000302	-0.000000	32.365495
853	3000.000000	780.806830	-186.456738	252530.890505	0.002703	-0.000000	32.365495
854	3000.000000	-807.582766	-465.924889	248780.630250	-0.001442	-0.000000	32.365495
855	3000.000000	-627.925108	184.014375	413359.329776	-0.003162	0.000000	134.571507
856	3000.000000	-398.045291	217.155629	251077.604968	-0.000316	-0.000000	32.365495
857	3000.000000	624.429795	-566.309833	445369.016383	0.001796	0.000000	145.969201
858	3000.000000	260.867336	225.681311	252986.704616	0.000528	0.000000	32.365495
859	3000.000000	133.044114	646.003580	251186.672323	0.000421	-0.000000	32.365495
860	3000.000000	1028.218933	-833.133043	249450.153223	0.001981	0.000000	32.365495
861	3000.000000	102.184035	-835.517145	251886.375119	0.000303	-0.000000	32.365495
862	3000.000000	194.145311	626.785975	250081.558045	-0.000227	-0.000000	32.365495
863	3000.000000	-241.362252	-887.342738	252011.736622	-0.000382	-0.000000	32.365495
864	3000.000000	365.239294	-381.469760	251935.970294	0.001077	0.000000	32.365495
865	3000.000000	-43.396007	-816.838799	250713.492697	0.000427	-0.000000	32.365495
866	3000.000000	-297.884186	-951.942197	251082.182431	-0.000308	0.000000	32.365495
867	3000.000000	126.012299	136.673084	251500.417015	0.000242	-0.000000	32.365495
868	3000.000000	-731.866869	35.299844	406549.107907	-0.003823	-0.000000	131.368630
870	3000.000000	-27.061714	71.249511	251591.391611	-0.000556	0.000000	32.365495
869	3000.000000	696.166379	685.411874	251478.072812	0.001986	0.000000	32.365495
871	3000.000000	-82.132850	474.153108	251551.404635	-0.000729	-0.000000	32.365495
872	3000.000000	-153.638063	1199.592576	250183.962024	-0.000724	-0.000000	32.365495
873	3000.000000	197.599196	902.267864	250843.552150	0.000614	0.000000	32.365495
875	3000.000000	235.629748	232.850725	251606.123307	-0.000205	0.000000	32.365495
874	3000.000000	-736.431283	-643.032941	249648.837432	-0.002320	-0.000000	32.365495
876	3000.000000	-850.869792	537.448557	249312.608173	-0.001133	0.000000	32.365495
877	3000.000000	-144.031224	295.314929	253986.225175	-0.000176	0.000000	32.365495
878	3000.000000	-440.731956	-269.013231	251737.528511	-0.001891	-0.000000	32.365495
879	3000.000000	234.175122	-541.214541	253559.935629	-0.000102	-0.000000	32.365495
880	3000.000000	159.190289	-506.183937	251375.974425	0.000262	-0.000000	32.365495
881	3000.000000	-247.134279	92.210644	251238.086396	-0.000711	-0.000000	32.365495
883	3000.000000	-135.754333	676.128674	252661.036527	-0.000780	0.000000	32.365495
882	3000.000000	453.043387	820.522646	251919.949628	0.001411	0.000000	32.365495
884	3000.000000	-78.700726	-880.366705	249360.794437	-0.000223	0.000000	32.365495
885	3000.000000	52.449308	280.190511	253228.266709	0.000315	0.000000	32.365495
887	3000.000000	-47.129278	-297.921724	252237.456831	-0.000702	0.000000	32.365495
886	3000.000000	314.714537	-76.084436	255972.401607	0.001262	0.000000	32.365495
889	3000.000000	550.736958	-466.929910	249695.599552	0.000976	0.000000	32.365495
888	3000.000000	-488.131708	779.749275	251631.460925	-0.001292	0.000000	32.365495
890	3000.000000	-209.269411	-325.787136	251826.857279	-0.000012	-0.000000	32.365495
891	3000.000000	392.294074	113.394265	410066.102435	0.000604	-0.000000	133.245020
893	3000.000000	144.007088	179.467857	251038.117004	0.000356	-0.000000	32.365495
892	3000.000000	-684.166723	-254.764779	252104.506099	-0.001040	-0.000000	32.365495
894	3000.000000	-54.678255	-734.930130	251015.424204	0.000310	0.000000	32.365495
895	3000.000000	-382.813852	1039.009810	250317.852465	-0.000762	-0.000000	32.365495
896	3000.000000	296.116548	229.289391	252138.612473	0.000510	-0.000000	32.365495
897	3000.000000	-529.785194	928.726568	250527.686054	-0.001397	0.000000	32.365495
898	3000.000000	1176.841787	-111.588091	251811.643657	0.003834	-0.000000	32.365495
899	3000.000000	753.785873	-93.311768	252200.750007	0.001143	-0.000000	32.365495
900	3000.000000	-431.972724	-116.006414	251577.132261	-0.000673	-0.000000	32.365495
901	3000.000000	1083.067216	67.350820	250708.826941	0.002334	-0.000000	32.365495
902	3000.000000	-821.457328	465.818051	254095.516578	-0.001863	0.000000	32.365495
903	3000.000000	235.054892	-496.148290	248924.597019	0.000214	0.000000	32.365495
904	3000.000000	-996.590793	48.903433	252916.188370	-0.003217	-0.000000	32.365495
906	3000.000000	-18.578516	-102.375640	251900.552407	-0.000261	-0.000000	32.365495
905	3000.000000	-579.401827	625.540826	258387.250104	-0.001415	-0.000000	32.365495
907	3000.000000	135.732216	-244.537829	252349.138689	-0.000319	-0.000000	32.365495
908	3000.000000	-428.539726	1344.216385	250994.392004	-0.000754	0.000000	32.365495
909	3000.000000	-321.526219	454.096386	251907.262752	-0.000409	-0.000000	32.365495
910	3000.000000	-91.735021	41.727765	251208.229609	0.000206	0.000000	32.365495
911	3000.000000	-651.449981	163.266770	257214.984082	-0.003178	0.000000	32.365495
912	3000.000000	63.892919	-340.728645	250200.780470	-0.000296	0.000000	32.365495
914	3000.000000	139.988274	63.966967	253760.122589	0.001233	0.000000	32.365495
913	3000.000000	-633.861961	-216.868327	249164.894450	-0.000622	-0.000000	32.365495
915	3000.000000	14.789591	-270.182819	250708.452691	0.000547	-0.000000	32.365495
917	3000.000000	-68.145604	2.219138	253108.407572	-0.000171	-0.000000	32.365495
916	3000.000000	-845.623767	-219.972211	251863.178946	-0.002014	-0.000000	32.365495
918	3000.000000	1367.008271	389.077082	251773.880414	0.022691	0.000000	32.365495
919	3000.000000	136.347667	426.640899	251175.092222	-0.000012	-0.000000	32.365495
920	3000.000000	1286.729747	39.193496	249282.156455	0.009560	-0.000000	32.365495
921	3000.000000	377.483330	93.217491	250014.302566	0.001503	0.000000	32.365495
922	3000.000000	-31.924646	-181.408855	249623.623898	0.000216	-0.000000	32.365495
923	3000.000000	-1219.881148	486.137949	252905.531945	-0.006425	0.000000	32.365495
924	3000.000000	-411.559598	309.832516	250987.798932	-0.000608	-0.000000	32.365495
925	3000.000000	-678.989207	594.175330	249214.023713	-0.000558	-0.000000	32.365495
926	3000.000000	-330.872472	-935.304416	251411.361776	-0.000202	0.000000	32.365495
927	3000.000000	266.097654	95.207483	253056.681051	0.001572	0.000000	32.365495
928	3000.000000	-223.952031	-382.350941	434440.535594	-0.000431	0.000000	142.767533
930	3000.000000	-314.698014	-104.260532	251144.630146	0.000003	-0.000000	32.365495
929	3000.000000	373.624812	127.021652	251816.522606	0.001175	0.000000	32.365495
933	3000.000000	516.171642	51.230710	250023.871784	0.001033	-0.000000	32.365495
932	3000.000000	-376.158256	175.909399	252125.340050	-0.000834	0.000000	32.365495
931	3000.000000	1294.099476	261.383453	250834.011306	0.008040	0.000000	32.365495
934	3000.000000	-496.832853	-431.629881	250722.919521	-0.000551	0.000000	32.365495
936	3000.000000	-435.946423	-96.383029	251735.078418	-0.000906	0.000000	32.365495
935	3000.000000	613.735652	204.276783	248826.603468	0.000531	0.000000	32.365495
937	3000.000000	-1049.285784	677.266369	250510.168778	-0.002542	0.000000	32.365495
938	3000.000000	-499.316256	-370.683393	425089.626742	-0.003766	-0.000000	139.376663
939	3000.000000	-477.742129	21.631426	248578.823597	-0.001378	0.000000	32.365495
940	3000.000000	694.145554	209.399928	249494.267095	0.001721	0.000000	32.365495
941	3000.000000	-831.540461	-604.290062	250707.089657	-0.001797	-0.000000	32.365495
942	3000.000000	-361.407645	469.781657	271276.586514	-0.002728	0.000000	32.365520
943	3000.000000	-88.055017	-784.136423	253702.155126	-0.000713	-0.000000	32.365495
944	3000.000000	659.273900	-380.298467	250298.787793	0.000647	-0.000000	32.365495
945	3000.000000	361.418650	-457.453002	251009.902374	0.000472	0.000000	32.365495
946	3000.000000	-1155.263965	-111.614291	250253.555049	-0.001979	-0.000000	32.365495
947	3000.000000	-225.648180	-393.008206	250623.672198	0.000158	0.000000	32.365495
949	3000.000000	72.496506	-99.713750	251252.194879	0.000070	-0.000000	32.365495
948	3000.000000	-186.214727	-383.701666	251073.332409	0.000066	0.000000	32.365495
950	3000.000000	-670.493412	-421.321581	253011.621997	-0.002594	-0.000000	32.365495
952	3000.000000	-3.925272	96.423367	254048.086283	0.000324	0.000000	32.365495
951	3000.000000	-228.311183	333.796290	250659.645326	-0.000988	0.000000	32.365495
953	3000.000000	-47.185317	585.669366	252193.116584	-0.000124	0.000000	32.365495
954	3000.000000	144.149740	176.761862	251359.609892	0.000903	0.000000	32.365495
956	3000.000000	60.777233	111.700557	252684.475464	-0.000179	0.000000	32.365495
955	3000.000000	-328.292559	243.184284	251051.781247	-0.000303	0.000000	32.365495
957	3000.000000	-87.726181	159.862636	252289.873295	-0.000588	0.000000	32.365495
960	3000.000000	-146.792411	227.646850	252006.584952	0.000272	0.000000	32.365495
958	3000.000000	-42.128377	415.872525	252032.444848	-0.000603	0.000000	32.365495
959	3000.000000	-1458.834602	-306.765837	249318.145286	-0.006186	-0.000000	32.365495
961	3000.000000	183.625346	339.154966	251167.589240	0.000496	0.000000	32.365495
963	3000.000000	511.471516	-57.166945	250609.074201	0.001684	-0.000000	32.365495
962	3000.000000	748.103501	876.921672	252031.635727	0.002122	0.000000	32.365495
964	3000.000000	-729.702626	-804.802833	255940.809755	-0.002567	-0.000000	32.365495
965	3000.000000	472.792723	-321.183271	249232.232741	0.000489	-0.000000	32.365495
967	3000.000000	249.557285	346.705344	250984.189553	-0.000156	0.000000	32.365495
966	3000.000000	351.051515	-495.751563	250785.313540	0.001071	-0.000000	32.365495
968	3000.000000	-482.096856	241.419922	252772.926500	-0.001464	0.000000	32.365495
969	3000.000000	-1986.091476	141.542867	253485.299894	-0.078490	0.000000	32.365495
970	3000.000000	762.915815	263.416807	248961.708621	0.001471	0.000000	32.365495
971	3000.000000	-114.818502	-306.689189	251101.924443	-0.000630	-0.000000	32.365495
973	3000.000000	-32.894276	666.085425	250457.146905	0.000126	0.000000	32.365495
972	3000.000000	873.815617	521.381122	252649.928416	0.003811	0.000000	32.365495
974	3000.000000	1814.841318	-8.581894	248837.057799	0.040040	-0.000000	32.365495
975	3000.000000	196.896343	-736.604732	249261.799284	-0.000196	0.000000	32.365495
976	3000.000000	-911.390870	19.689437	250638.470377	-0.002410	0.000000	32.365495
977	3000.000000	914.564551	181.721378	251446.497556	0.007123	0.000000	32.365495
978	3000.000000	-62.881488	159.458524	252293.385809	0.000364	0.000000	32.365495
979	3000.000000	-245.254924	62.181471	251128.641603	0.000162	0.000000	32.365495
980	3000.000000	-530.901534	96.373781	250831.215049	-0.000890	0.000000	32.365495
981	3000.000000	-190.581493	-450.744910	250021.502919	0.000194	0.000000	32.365495
982	3000.000000	-338.634118	319.137800	264132.866594	-0.000475	-0.000000	32.365500
983	3000.000000	-577.749576	656.610139	249157.727867	-0.001272	-0.000000	32.365495
984	3000.000000	471.602006	98.340273	250770.694069	0.001278	0.000000	32.365495
985	3000.000000	-85.224071	210.043197	252319.181718	-0.000239	-0.000000	32.365495
986	3000.000000	-872.924999	1127.376886	252297.517397	-0.002223	0.000000	32.365495
987	3000.000000	-1016.316318	431.325304	251796.437499	-0.004010	0.000000	32.365495
988	3000.000000	59.983925	-679.657962	252291.109486	-0.000273	0.000000	32.365495
989	3000.000000	-172.571997	127.241852	252680.998217	-0.001130	0.000000	32.365495
990	3000.000000	-56.990628	450.236347	252582.123180	0.000240	0.000000	32.365495
991	3000.000000	830.708153	493.719733	253448.793309	0.002130	0.000000	32.365495
993	3000.000000	345.710417	-40.929464	250557.837429	0.000158	0.000000	32.365495
992	3000.000000	-885.465413	-711.719689	251214.338990	-0.001876	-0.000000	32.365495
994	3000.000000	190.554125	616.526831	249388.593820	0.000111	0.000000	32.365495
996	3000.000000	-125.074539	-135.007835	251916.047610	-0.000033	-0.000000	32.365495
995	3000.000000	167.029034	-26.887300	253134.744330	0.000698	-0.000000	32.365495
997	3000.000000	1099.394907	-35.183551	251387.576427	0.006883	0.000000	32.365495
998	3000.000000	-199.075076	520.564009	252514.652025	-0.000903	-0.000000	32.365495
999	3000.000000	96.626530	-825.075211	252058.480685	0.000352	0.000000	32.365495
