#name 	 time 	 x 	 y 	 z 	 vx 	 vy 	 vz 
0	1000.000000	248.528370	255.473540	149850.014878	0.000480	-0.003017	146.812550
3	1000.000000	876.729592	845.693316	121864.173822	0.001778	-0.000714	102.526855
2	1000.000000	479.537642	45.886578	119471.872199	0.003599	0.004536	102.515628
1	1000.000000	-61.746444	208.181148	119121.892317	-0.000703	0.001181	102.519293
4	1000.000000	-502.920526	-459.946296	139810.424400	-0.003112	-0.004232	135.997487
7	1000.000000	-147.656995	-396.548494	148161.084563	-0.003718	-0.000057	145.430807
6	1000.000000	-524.966228	-81.715202	148677.727024	0.000726	-0.001567	145.690269
5	1000.000000	1044.958744	60.720696	121579.048117	0.004934	-0.001505	102.514229
10	1000.000000	993.724792	-330.567499	149612.276425	0.018934	0.001897	147.084360
8	1000.000000	-360.877016	631.889183	147767.157485	-0.002357	0.002279	146.293071
9	1000.000000	-81.284520	-447.978316	120086.742391	0.002267	0.000613	102.515288
11	1000.000000	145.880848	-315.450754	125899.899449	0.001222	-0.001851	102.543285
12	1000.000000	-164.838178	465.172715	139613.168692	-0.000317	0.002438	132.848936
13	1000.000000	-1250.934224	681.757827	120359.924789	-0.003003	0.000978	102.510982
14	1000.000000	311.865159	-42.932410	121243.967382	0.001308	-0.000144	102.516513
15	1000.000000	302.736188	-225.078699	122754.204577	0.002208	0.001458	102.512779
16	1000.000000	-71.612086	586.465172	121603.883946	0.002441	0.001241	102.511596
18	1000.000000	788.964806	950.259341	141150.641600	0.006375	0.002472	137.688583
17	1000.000000	-894.443366	306.368927	144519.762327	-0.010802	0.002139	138.750412
19	1000.000000	82.347189	-608.278087	119375.728043	0.001848	0.002598	102.514635
21	1000.000000	-311.264640	-379.037369	146640.095951	-0.003954	0.001893	145.259068
20	1000.000000	-1416.264347	-440.629586	120028.577993	-0.007817	0.001713	102.516578
22	1000.000000	294.590811	982.564913	123312.089917	0.001596	0.002106	102.521196
23	1000.000000	217.581579	-109.985516	124935.970477	0.004798	-0.002028	102.522092
24	1000.000000	1437.646080	1369.958365	121316.629157	0.007830	0.003935	102.511903
25	1000.000000	-783.795251	-71.100641	122872.204741	-0.002423	0.000663	102.517713
26	1000.000000	-640.698546	-727.010273	123190.525393	-0.001797	-0.001811	102.518067
27	1000.000000	467.365056	-338.945896	121097.513126	0.000607	-0.005019	102.513770
28	1000.000000	782.902885	-61.960615	150096.122815	0.009728	-0.002547	147.880578
29	1000.000000	353.827809	475.603629	121340.093556	-0.000605	0.002179	102.514007
31	1000.000000	-352.009630	1024.983289	145319.738845	0.004238	0.001364	143.979303
30	1000.000000	671.392541	42.554747	122089.421987	-0.000603	-0.000403	102.514156
32	1000.000000	458.889044	-270.306834	120042.785117	0.001693	0.001526	102.516005
33	1000.000000	67.634220	540.103296	146495.058580	0.000244	0.002703	144.351174
35	1000.000000	-557.518897	-673.641652	149746.044082	-0.006110	-0.005439	147.923717
34	1000.000000	1182.742539	628.019026	125745.859574	0.009300	0.001447	102.526639
36	1000.000000	-45.158859	14.486635	142384.374094	-0.000519	-0.000987	138.144137
37	1000.000000	-288.749642	172.486934	154113.694183	-0.002243	0.000166	151.514245
39	1000.000000	494.188741	-407.079897	143314.329526	0.002430	0.002263	138.746042
38	1000.000000	376.121786	-253.813771	142372.656761	0.004962	-0.002355	136.087888
40	1000.000000	-51.923852	-514.208589	120850.072541	-0.002288	-0.002946	102.515702
41	1000.000000	33.745973	-1407.124522	123477.222621	-0.004200	-0.002501	102.517986
42	1000.000000	-703.924283	275.102116	123326.514694	-0.005352	0.003092	102.516154
43	1000.000000	-1324.594103	373.304158	122590.689840	-0.007322	-0.001570	102.514416
44	1000.000000	-1045.399559	-309.273771	121557.696289	-0.001489	0.000220	102.513290
45	1000.000000	241.708220	737.991820	119758.272523	-0.002473	-0.002866	102.510413
46	1000.000000	940.444560	321.273106	120387.309111	0.003156	-0.001123	102.514343
47	1000.000000	555.709430	-871.297623	143564.908682	-0.003666	-0.000086	140.319734
48	1000.000000	-610.643536	409.948494	142157.260590	-0.007864	-0.000604	138.052667
49	1000.000000	109.582621	-630.117631	122224.397178	-0.000357	-0.003254	102.509819
51	1000.000000	-413.656255	93.670671	138534.348930	-0.002238	-0.004314	131.664735
50	1000.000000	495.493231	370.724400	119480.886918	0.001455	-0.002988	102.512695
52	1000.000000	-973.100197	796.941664	120162.014986	-0.003102	0.002391	102.513695
53	1000.000000	-28.510009	269.440533	145397.233814	-0.004489	0.000466	142.790961
55	1000.000000	-559.294568	46.280283	143967.555798	-0.001031	0.001746	142.304482
54	1000.000000	-35.652044	40.069678	125459.667746	0.003501	-0.001471	102.525674
56	1000.000000	-49.188612	272.955417	123327.928663	-0.000190	-0.002146	102.521026
57	1000.000000	99.314884	414.964280	121168.161618	0.001715	0.000019	102.512083
58	1000.000000	-890.116969	811.682573	119593.864684	0.001357	0.003307	102.515536
59	1000.000000	-45.232032	445.220752	121189.743544	0.001728	0.000729	102.516670
60	1000.000000	7.030853	258.037768	149468.301835	-0.003299	-0.003338	146.911343
61	1000.000000	-120.215143	-6.110280	121277.080429	0.001771	0.003100	102.518030
62	1000.000000	659.728066	64.080575	122512.649519	0.002210	-0.000923	102.511097
63	1000.000000	739.119970	-864.788382	118493.499013	0.001021	0.001814	102.511790
65	1000.000000	-951.176367	488.482880	145398.888875	-0.011626	0.002030	142.752645
64	1000.000000	-69.084022	1012.420530	119614.730917	-0.000010	-0.001727	102.508579
66	1000.000000	40.780044	-324.626903	139460.890852	0.003296	-0.000255	132.572600
67	1000.000000	45.906692	-761.026213	144423.702096	-0.001374	-0.004197	143.339028
68	1000.000000	380.420775	-240.348655	145862.665977	0.002975	-0.003983	143.695213
69	1000.000000	149.633080	-368.072468	119993.013832	-0.001577	-0.000059	102.514700
70	1000.000000	820.426699	-287.820389	119532.913921	0.000706	0.001534	102.513808
71	1000.000000	925.963023	-494.838991	142010.682594	0.002501	0.001689	140.009872
72	1000.000000	335.374732	217.912993	123516.700623	0.000774	0.000662	102.517794
73	1000.000000	279.346669	1190.751530	142045.848082	0.006060	0.004222	139.448686
74	1000.000000	226.740495	-51.207571	120756.064547	0.001864	0.003401	102.515307
77	1000.000000	541.814202	396.305183	150296.949780	0.001348	0.001291	149.597049
75	1000.000000	770.086072	-843.264712	121969.900760	0.006214	0.003316	102.522724
76	1000.000000	291.056358	-392.307926	120894.932576	0.002151	0.003400	102.515247
79	1000.000000	12.309610	-39.377378	144706.861766	-0.000345	-0.001044	141.379687
78	1000.000000	-114.799617	505.866696	123061.966111	0.001666	-0.003209	102.532129
80	1000.000000	696.378337	-846.704926	122679.489373	-0.000288	0.003571	102.515772
81	1000.000000	-484.590623	-25.620328	122625.016125	-0.002434	0.003106	102.512874
82	1000.000000	-451.456820	100.949592	123808.216036	-0.002857	-0.002842	102.519129
83	1000.000000	-975.775258	-604.822986	119651.001122	0.000432	-0.001679	102.509846
85	1000.000000	527.343083	685.735612	146054.254960	0.003690	0.001877	142.051850
84	1000.000000	-434.169065	734.400547	149703.708184	-0.000042	-0.000106	149.334571
86	1000.000000	154.879955	497.521678	121317.479062	-0.000790	-0.001788	102.519579
87	1000.000000	-695.320136	-500.632655	121121.542108	0.000537	0.000384	102.514756
89	1000.000000	-434.387761	1096.224258	143476.042769	-0.002616	0.002794	142.377094
88	1000.000000	340.189416	372.212826	120120.009983	-0.003028	-0.000034	102.514975
90	1000.000000	-342.732193	-228.610515	120412.743606	0.001696	-0.001686	102.513403
92	1000.000000	665.857236	453.272567	149206.036802	0.003260	-0.003885	147.162046
91	1000.000000	377.371747	448.062024	123737.091870	-0.000806	0.000388	102.524135
93	1000.000000	-604.041649	8.411930	119545.041523	0.002774	0.001113	102.515436
94	1000.000000	-1102.414239	-1537.253147	123311.968212	-0.014809	-0.005205	102.524086
96	1000.000000	125.122986	332.634118	121104.734098	-0.000663	-0.000044	102.518060
95	1000.000000	365.791481	-1180.007799	120071.490480	0.001839	0.000592	102.516790
97	1000.000000	-320.791420	-237.923121	120019.505861	-0.000805	-0.000244	102.518345
98	1000.000000	-124.922732	-261.242502	119170.300272	0.000174	-0.001856	102.512480
99	1000.000000	241.030411	356.023410	120485.842758	-0.000215	0.001033	102.518410
100	1000.000000	468.038690	-75.872697	126147.663181	-0.000228	-0.001928	102.543658
101	1000.000000	-1010.612909	272.094139	120149.215406	-0.002761	-0.002083	102.520501
103	1000.000000	198.541397	535.986298	150651.243642	-0.003692	0.003773	147.454496
102	1000.000000	40.550535	-679.657888	122349.476013	-0.001561	0.001437	102.514415
104	1000.000000	595.608424	-1074.902015	119901.702157	0.001385	-0.000278	102.516358
105	1000.000000	688.029491	-52.844501	123568.670278	0.001170	-0.002375	102.522603
106	1000.000000	611.872260	907.657466	121866.064579	0.001574	0.002388	102.513974
107	1000.000000	-499.892354	662.764214	121872.067061	-0.005252	0.001664	102.515862
109	1000.000000	612.263285	-11.392652	121942.053838	0.003615	-0.001429	102.515573
108	1000.000000	-100.653879	1247.626694	121891.406341	0.000375	0.007210	102.513890
110	1000.000000	-53.657213	-510.769011	151416.039826	-0.002587	0.001209	150.066623
111	1000.000000	-349.665283	-1116.046566	121804.326417	0.001305	-0.000235	102.513207
112	1000.000000	-402.990443	-1171.024339	121446.381614	0.000229	-0.000225	102.515027
113	1000.000000	105.388639	556.612812	121729.599315	-0.002782	-0.002071	102.526814
114	1000.000000	430.178728	-58.708040	120844.396092	0.002332	0.001347	102.516610
115	1000.000000	-643.636082	-614.364450	119326.417791	-0.003964	0.000229	102.516897
116	1000.000000	-243.458119	685.468476	122236.323365	-0.002811	0.002437	102.509331
117	1000.000000	960.160062	-736.063872	121293.150962	-0.000931	0.000685	102.509340
118	1000.000000	213.371837	163.937229	121027.839861	-0.002148	-0.003438	102.515017
119	1000.000000	998.843805	-570.733707	121398.058633	0.002122	-0.003308	102.518494
120	1000.000000	1334.837943	92.176754	121824.627991	0.019326	-0.000183	102.518171
121	1000.000000	-103.735934	615.058416	118622.054105	-0.001160	0.001288	102.508856
122	1000.000000	97.182622	52.907505	118948.135209	0.002550	-0.000327	102.511931
123	1000.000000	-329.011028	88.314146	146238.947638	0.000258	-0.000364	141.094039
124	1000.000000	132.625611	413.640699	120370.680106	0.001960	0.001258	102.516999
126	1000.000000	-926.217637	891.693218	138143.194581	-0.006081	0.000082	132.218157
125	1000.000000	793.465366	-231.508155	123390.164174	0.004665	0.002472	102.515137
127	1000.000000	-184.674116	84.175208	120440.586191	-0.001193	-0.001238	102.514261
128	1000.000000	84.394747	347.352281	151012.167793	-0.000095	0.000910	147.536809
131	1000.000000	-327.158895	239.789459	149767.170412	-0.000707	-0.002394	149.154527
129	1000.000000	-418.415459	-809.498676	120988.921676	-0.000451	0.000089	102.515222
130	1000.000000	601.620832	-352.249737	119753.172464	0.002709	0.002991	102.520778
132	1000.000000	-51.395724	-115.197264	120275.240048	0.000964	0.000439	102.510564
134	1000.000000	-793.116306	420.624208	121317.594885	-0.008016	0.001411	102.520821
133	1000.000000	187.193172	588.432953	119638.959249	0.003583	-0.001251	102.511323
135	1000.000000	-230.081979	-783.388889	121158.594215	0.002243	0.001784	102.519588
136	1000.000000	514.792718	762.659967	147990.007149	0.002087	0.000822	146.048451
137	1000.000000	-73.449885	-433.873707	122390.343367	0.001471	0.002012	102.511881
138	1000.000000	866.798415	-983.626000	123052.946332	0.003369	-0.001466	102.521849
139	1000.000000	-324.277258	-236.209863	122482.621569	-0.000854	-0.000835	102.516092
140	1000.000000	-366.810446	119.709654	145603.954059	-0.001281	0.000782	142.121372
141	1000.000000	-189.516225	211.072183	124909.395528	0.002091	-0.001231	102.526146
142	1000.000000	976.993195	-497.655460	120464.372179	0.003670	0.003384	102.515304
144	1000.000000	419.016328	213.884922	143464.504666	0.001816	-0.004114	142.185434
143	1000.000000	-850.954786	-609.570196	118322.112419	-0.002714	-0.002828	102.509958
145	1000.000000	620.417550	-218.228391	118709.537289	0.005211	-0.000599	102.512231
146	1000.000000	-234.181367	-149.279314	122238.013528	-0.004798	-0.001395	102.520281
147	1000.000000	890.028925	-475.141194	121772.364155	0.005906	0.001546	102.517942
148	1000.000000	336.122106	377.479080	147813.785067	0.001156	-0.000762	143.814086
150	1000.000000	566.600793	-930.106090	121801.647482	-0.000601	-0.001323	102.513940
149	1000.000000	185.660063	-399.253502	122099.537112	-0.002274	-0.001087	102.512604
151	1000.000000	397.007121	-42.807758	121575.249760	-0.001452	0.000243	102.508863
152	1000.000000	277.379138	-388.213891	125772.301691	-0.001855	0.000705	102.530432
154	1000.000000	322.397111	-548.154335	147341.067496	0.006856	0.000540	146.758272
153	1000.000000	-102.269012	-584.959971	138808.155692	0.002407	-0.001705	131.363202
155	1000.000000	128.330001	-5.762617	121213.605127	0.000341	-0.002012	102.513330
156	1000.000000	759.304363	36.657568	145348.809059	0.006829	0.000553	141.503555
158	1000.000000	-650.866333	-932.026694	150887.113216	-0.006513	0.001969	147.539912
157	1000.000000	-361.392932	-417.674289	119832.160832	-0.001429	0.000733	102.518085
159	1000.000000	-140.147131	-918.926527	147042.946127	-0.001359	-0.000832	144.601859
160	1000.000000	636.954732	-71.503651	121436.618640	-0.000886	0.000620	102.513297
161	1000.000000	-287.369335	142.463836	148599.961990	-0.001850	-0.000469	144.422812
162	1000.000000	-271.262383	430.042849	119818.566451	0.000081	0.001460	102.513292
163	1000.000000	-69.520127	-2.404763	120536.249827	0.002443	0.000424	102.512687
164	1000.000000	-146.202927	-592.319810	139063.346002	0.002830	0.000090	135.612079
165	1000.000000	-137.650321	1.739058	145811.988707	0.003498	0.000558	144.273514
167	1000.000000	-208.270695	640.701495	145486.715732	-0.000188	0.000843	141.919446
166	1000.000000	-171.926236	-1110.022052	121123.474133	-0.000425	0.000098	102.512362
169	1000.000000	-238.711152	422.843093	137913.049262	-0.002075	0.000538	132.730487
168	1000.000000	-10.229104	-649.732374	120042.816666	0.000643	-0.000602	102.510280
170	1000.000000	717.737654	4.188413	120800.885130	0.002954	0.002743	102.507842
171	1000.000000	491.909099	91.239495	122405.063314	0.002909	0.000294	102.519177
173	1000.000000	262.091274	-468.718397	145786.790488	0.001225	0.001211	140.817857
172	1000.000000	63.748573	995.926642	120993.238233	0.000601	0.003897	102.513069
174	1000.000000	-236.273148	33.625242	149808.297045	-0.002155	0.001952	147.308928
175	1000.000000	-1155.092603	102.853070	120604.585839	-0.006656	-0.001503	102.513433
177	1000.000000	-122.104373	-593.232154	144024.117665	0.001878	-0.001306	139.230597
176	1000.000000	-809.260940	184.529899	122134.984062	-0.004557	-0.000353	102.517746
178	1000.000000	71.802164	-408.378041	146364.739099	-0.002858	0.003755	144.693141
179	1000.000000	983.450293	612.995425	121676.652375	0.005235	0.000953	102.513962
180	1000.000000	839.604969	-473.039333	122703.980059	0.010255	0.003374	102.517115
182	1000.000000	-254.706200	363.639747	144735.932553	-0.002507	0.005077	140.687714
181	1000.000000	-361.098628	251.009775	119880.853490	-0.001168	0.001510	102.512267
183	1000.000000	-511.543534	141.510101	118971.102939	-0.000793	0.003007	102.516094
184	1000.000000	-340.327706	430.618508	120388.483857	0.003704	-0.002595	102.517025
185	1000.000000	-355.388188	929.350929	119766.417436	0.000339	0.003816	102.514251
186	1000.000000	93.803143	288.259891	121319.429489	-0.003249	0.000435	102.516388
187	1000.000000	-241.600819	-185.516406	121431.594547	0.001316	-0.000060	102.520160
188	1000.000000	780.820951	-338.270767	122809.919858	0.002027	0.000860	102.521470
189	1000.000000	46.579646	447.897661	120812.575390	0.001066	0.001681	102.513841
190	1000.000000	264.932974	194.037633	121303.073379	-0.004135	-0.001071	102.514534
191	1000.000000	-147.948880	796.106722	121167.083216	0.002222	-0.001834	102.511435
192	1000.000000	-201.614959	598.072538	147285.031064	0.000322	0.003476	143.430547
193	1000.000000	-595.984186	71.609893	120541.855472	-0.003465	-0.000848	102.513476
194	1000.000000	-455.190484	144.229533	148154.352015	-0.000432	0.001039	143.993663
195	1000.000000	-299.354600	22.000301	151622.462218	0.000143	0.000102	148.094523
196	1000.000000	25.068542	476.793342	149404.795258	0.004370	0.000246	146.628142
197	1000.000000	1060.905508	293.416542	120727.361236	0.001302	-0.000067	102.514676
198	1000.000000	-866.572868	-24.440705	144665.369589	-0.006915	0.000540	140.311467
199	1000.000000	-20.911365	-428.580679	124710.979322	-0.001034	0.001556	102.533505
200	1000.000000	217.136286	61.310564	122624.905740	-0.002602	0.000295	102.509984
202	1000.000000	198.425759	-357.583330	141571.639675	0.002029	0.001950	138.353709
201	1000.000000	-144.133636	-234.876828	119765.649455	0.001526	-0.002048	102.513457
203	1000.000000	19.525137	-430.507618	144638.954393	0.000356	-0.000363	143.936845
204	1000.000000	-90.748632	-32.861957	120343.013480	-0.002618	-0.000064	102.518671
205	1000.000000	-609.071487	681.023041	146895.716100	-0.002808	-0.000229	142.185917
206	1000.000000	-138.152485	622.376721	129791.503633	-0.003982	-0.003486	102.665149
207	1000.000000	153.300319	92.370650	126594.399841	-0.003307	0.001181	102.626110
208	1000.000000	259.816216	-972.538990	121836.156736	0.002464	-0.002611	102.512273
209	1000.000000	-1141.725520	-245.218361	123663.297268	-0.012393	-0.001566	102.522764
210	1000.000000	115.785644	-1137.131003	122637.329110	0.002593	-0.003117	102.509961
211	1000.000000	-124.156625	155.676050	141146.797589	-0.001110	0.000731	133.475974
212	1000.000000	-503.704787	-587.863375	119263.128976	0.001529	-0.000587	102.513654
213	1000.000000	-837.147738	-763.346118	122222.202625	-0.001040	-0.000890	102.515440
214	1000.000000	970.922988	-184.342973	118360.376363	0.002033	0.000710	102.514219
215	1000.000000	-480.576336	-510.967057	138026.203180	-0.001579	0.001798	133.319418
216	1000.000000	412.984762	552.548796	122387.033593	-0.000008	0.000395	102.532776
218	1000.000000	277.573689	-306.324184	137694.495350	0.001287	-0.001705	127.226027
219	1000.000000	-300.491272	-974.609966	122645.407884	0.003166	-0.001179	102.520964
217	1000.000000	-821.871775	-525.342433	119053.897338	-0.002290	0.002515	102.514678
220	1000.000000	241.887079	119.824837	120218.896043	-0.002256	-0.001637	102.514388
221	1000.000000	206.255180	-812.713439	120819.742658	0.002245	0.001144	102.509484
222	1000.000000	484.359454	-645.875755	118401.942807	-0.002156	0.001062	102.516883
223	1000.000000	-157.673091	604.586864	135785.397491	-0.000499	0.001749	126.200347
224	1000.000000	323.720554	132.266750	141906.757546	-0.000543	0.001914	137.245456
227	1000.000000	-1451.109367	489.319501	147442.315001	-0.025489	-0.000232	144.425874
225	1000.000000	342.589441	-153.273551	121621.086500	0.002854	-0.000663	102.513612
226	1000.000000	-574.588738	784.932160	121243.943012	-0.000458	0.001748	102.522284
228	1000.000000	39.791535	-354.877271	146713.867533	-0.003414	0.000226	141.883721
230	1000.000000	-560.301285	96.742103	138196.107358	-0.001453	-0.000055	126.525396
229	1000.000000	-17.672166	256.328180	122048.636168	-0.001529	0.001643	102.512183
231	1000.000000	25.698401	787.870082	121435.820334	-0.000661	-0.003160	102.516772
232	1000.000000	160.724361	-464.244599	122959.034437	0.000626	-0.002121	102.517183
233	1000.000000	-960.057599	610.527653	146999.190120	-0.014202	0.000646	143.439661
234	1000.000000	395.071902	-361.190172	145926.326524	0.003182	0.006397	144.713919
235	1000.000000	524.201542	439.699063	119642.302438	0.003373	-0.001021	102.517882
236	1000.000000	-217.871577	-605.064540	120549.439626	-0.002645	-0.002116	102.515919
237	1000.000000	452.145990	486.385204	120290.213960	0.000930	0.000281	102.511004
238	1000.000000	215.378458	56.789125	150783.757368	0.003034	0.003366	146.901165
239	1000.000000	29.976815	314.577409	143350.561872	0.003288	0.001538	137.276390
240	1000.000000	324.810461	461.513382	120826.895835	0.000228	0.001517	102.517571
241	1000.000000	88.213567	-803.154606	120081.745221	0.000221	0.001150	102.514672
242	1000.000000	529.835799	550.799926	123485.284118	0.001652	0.000715	102.515991
243	1000.000000	-396.865156	469.437187	121600.367459	-0.002150	-0.000608	102.510574
244	1000.000000	534.972599	-321.678899	139771.593084	0.004511	0.002625	134.267743
245	1000.000000	-554.088430	-348.805961	148196.249387	-0.001780	-0.001278	146.950926
246	1000.000000	-371.913336	-184.121484	145063.829864	-0.004573	-0.001828	143.267490
247	1000.000000	-1022.447950	-700.727717	121938.288692	-0.003390	-0.000280	102.518043
248	1000.000000	-140.116446	-2.113314	145732.647573	-0.002929	0.001743	145.288484
249	1000.000000	1298.853944	-75.519171	146138.988052	0.027399	-0.003591	143.816968
250	1000.000000	-692.606092	-400.505341	121212.822367	0.002215	-0.001757	102.514401
251	1000.000000	121.044406	-479.367798	123782.744029	-0.004259	0.000075	102.514377
252	1000.000000	-317.719105	107.815185	143891.692399	-0.001189	0.000524	138.941130
253	1000.000000	764.525858	462.051096	118805.188339	0.002632	0.004142	102.513708
254	1000.000000	247.568985	53.258656	120242.575179	0.001310	0.004177	102.511145
255	1000.000000	-133.524506	102.144214	122200.795944	-0.002575	0.003856	102.511201
256	1000.000000	372.256472	-731.091771	121001.546843	0.000713	0.004384	102.519180
257	1000.000000	74.778002	-143.867013	121796.129758	0.002419	0.000461	102.510819
258	1000.000000	1706.321256	-213.502439	124111.177423	0.037064	-0.002437	102.523757
259	1000.000000	-578.869367	82.711778	122379.526553	-0.002633	0.002700	102.518774
260	1000.000000	900.127306	490.631643	123108.215359	0.004588	-0.000385	102.514441
261	1000.000000	355.956266	-1240.744072	141760.753044	0.002099	-0.003903	136.199073
262	1000.000000	-37.845652	765.926947	143428.021494	-0.001534	0.003997	141.037468
264	1000.000000	630.186470	397.486476	121603.763881	0.003892	0.000510	102.514022
263	1000.000000	6.399513	-13.308238	118502.177264	-0.004858	0.000777	102.512785
265	1000.000000	1087.114271	-561.741001	149389.898042	0.008528	-0.004404	146.964664
266	1000.000000	258.994288	-235.597098	122500.854136	-0.000719	-0.003054	102.510379
268	1000.000000	353.754042	370.825054	138411.008940	0.002204	-0.000362	131.499814
267	1000.000000	-278.933807	384.942617	121693.126668	0.000030	0.002234	102.513174
269	1000.000000	460.749614	-166.532976	120035.713307	-0.000179	0.001502	102.512648
271	1000.000000	192.574473	-54.505694	144933.154545	0.001999	-0.000138	144.472798
273	1000.000000	237.238179	-40.801752	147741.364690	-0.001123	-0.000360	144.646262
270	1000.000000	414.178936	747.310767	120983.406991	0.003204	0.002198	102.514563
272	1000.000000	-74.599519	601.029965	119082.269727	-0.002694	0.002870	102.515559
274	1000.000000	-173.182120	4.297197	146244.710655	-0.002603	-0.001685	143.712257
275	1000.000000	346.843355	-691.782021	148191.346242	0.002761	-0.004160	146.935179
276	1000.000000	873.735607	710.664152	147589.661358	0.005981	0.003890	147.065325
277	1000.000000	-419.446404	36.451921	121892.330647	-0.003711	0.000680	102.508999
278	1000.000000	-224.470182	-334.348658	121956.824714	0.001048	-0.003375	102.513099
280	1000.000000	-64.332572	286.841519	146737.653052	0.001367	0.002292	142.495842
279	1000.000000	376.278020	-213.282528	118958.540314	0.001915	-0.002778	102.508776
281	1000.000000	887.366271	-86.726721	144491.958295	0.006304	0.000835	142.059813
282	1000.000000	-46.701359	-116.135436	144171.380977	0.004755	-0.001586	138.839802
284	1000.000000	249.569306	-280.354160	141604.144923	0.000088	0.002074	137.796500
283	1000.000000	-446.168656	-166.587280	121090.218627	-0.001780	0.001418	102.522624
285	1000.000000	-314.793668	-67.667447	119339.413175	0.002807	-0.001607	102.511965
286	1000.000000	656.227672	-732.226643	141705.469426	0.001781	0.001453	135.377705
287	1000.000000	307.464610	-1794.651387	144041.439597	-0.001669	-0.011590	142.461992
288	1000.000000	1130.493215	-235.618884	148965.814275	0.008409	0.000893	144.951491
289	1000.000000	-445.157302	-565.491929	123521.892074	-0.000302	0.002110	102.516371
290	1000.000000	91.270633	-647.628155	119449.317086	-0.001041	-0.004391	102.510993
291	1000.000000	68.826984	689.986900	120283.052293	0.001166	0.000741	102.518328
292	1000.000000	670.442383	-341.335787	120291.382596	0.002394	0.000199	102.521645
293	1000.000000	-522.033372	867.177325	142591.492245	0.004140	0.001329	139.356359
294	1000.000000	-812.038529	172.588604	120494.814013	-0.007167	-0.002379	102.520360
295	1000.000000	-1004.098614	-171.017747	122447.460472	-0.007771	-0.002815	102.517892
296	1000.000000	-31.054441	-543.341489	127488.855838	-0.000790	-0.000382	102.569681
297	1000.000000	839.033851	-432.475179	122139.738731	0.004065	-0.000451	102.513782
299	1000.000000	-359.468900	429.775169	150325.891281	-0.001138	-0.002731	150.475035
298	1000.000000	50.600347	404.642541	123003.197335	-0.001398	-0.003368	102.515833
300	1000.000000	950.445861	-131.264400	151937.764566	0.001911	0.003295	149.630500
301	1000.000000	-695.137314	376.116859	125438.678643	-0.000715	-0.000484	102.535310
303	1000.000000	-388.291746	-17.312345	142873.536089	-0.001204	-0.002316	140.752920
302	1000.000000	-60.715184	-326.945501	118475.306619	0.002359	0.002867	102.517299
305	1000.000000	-41.912305	36.842914	139349.503430	-0.005099	-0.001686	132.686655
304	1000.000000	134.429387	625.843460	118343.736206	0.002002	0.000114	102.513493
306	1000.000000	710.932384	150.272372	121188.619316	0.001056	-0.001642	102.514718
307	1000.000000	-667.901657	-1275.558687	119302.988614	0.001837	-0.001164	102.517502
309	1000.000000	163.649374	-538.367913	139718.098034	0.000083	0.001280	132.365985
308	1000.000000	1144.810699	314.108137	119432.698892	0.010232	0.001195	102.515355
311	1000.000000	-394.541769	301.267846	144385.425175	-0.001790	0.002304	141.223788
310	1000.000000	-171.832808	-224.950286	121661.862136	-0.002566	0.000299	102.513130
313	1000.000000	-595.320166	-280.802891	122560.463971	0.000974	0.001041	102.521809
312	1000.000000	199.301805	182.350180	120968.277729	-0.002599	-0.002247	102.523728
314	1000.000000	406.132174	18.274649	137579.594773	0.000579	-0.003107	128.730486
315	1000.000000	104.469640	-247.700221	122741.807369	-0.001093	-0.004043	102.513877
316	1000.000000	285.553631	-99.729823	122160.711118	-0.005321	0.003201	102.510764
317	1000.000000	-106.693191	548.575436	122068.667087	-0.003802	0.000297	102.512515
318	1000.000000	137.491930	579.142976	119854.255269	0.001065	0.002824	102.513309
319	1000.000000	-538.212192	1194.031079	120561.459170	-0.003957	0.003747	102.507616
320	1000.000000	458.781657	573.367910	141069.381538	0.004179	0.000705	139.279855
321	1000.000000	385.673787	92.899645	119090.000083	0.001915	0.003593	102.511914
322	1000.000000	-79.412397	-842.495458	126116.073170	0.003438	-0.001814	102.539397
323	1000.000000	-393.195362	834.526097	120752.548885	0.001075	-0.001020	102.510303
324	1000.000000	-178.772061	-495.508670	145783.569054	0.002631	0.002093	144.796789
326	1000.000000	-429.012386	436.464222	151042.540512	-0.001483	-0.002596	149.090124
325	1000.000000	111.783749	-724.708336	120449.041695	-0.000724	-0.003897	102.513268
327	1000.000000	340.841638	-528.752153	144666.665668	-0.001955	0.000006	141.345282
328	1000.000000	271.093239	496.289353	142661.647744	-0.002172	-0.000771	139.731973
329	1000.000000	-331.034660	-103.780499	121645.298434	0.000219	-0.005506	102.517014
330	1000.000000	-680.848003	-211.517576	124417.055730	-0.001619	-0.002507	102.518604
331	1000.000000	454.266937	-872.324663	121240.698863	-0.001825	-0.002639	102.513302
332	1000.000000	437.763346	-357.899903	119675.504368	0.000348	-0.001750	102.510444
333	1000.000000	577.446283	616.732496	121986.666075	0.001140	0.001725	102.523675
335	1000.000000	-523.292853	145.723513	151783.721646	-0.003476	-0.002853	148.966519
334	1000.000000	633.210078	-168.088140	118612.527567	0.004355	-0.000565	102.514925
336	1000.000000	24.991543	899.153445	121946.855494	-0.003133	0.001547	102.514088
337	1000.000000	1342.463581	-598.719753	121894.179275	0.025466	-0.001528	102.522267
338	1000.000000	280.159776	468.802250	145676.835550	0.000381	0.002650	141.779836
339	1000.000000	-107.337122	170.609816	122679.087638	0.001800	-0.001364	102.516066
340	1000.000000	169.088328	-129.646970	121463.122803	-0.003615	0.000014	102.510159
341	1000.000000	839.380135	-69.174744	121232.971978	0.005321	0.000386	102.518284
342	1000.000000	543.096652	397.846654	123208.869466	-0.000680	-0.000055	102.520034
344	1000.000000	609.350617	-346.285604	125895.327533	0.001967	0.001599	102.577096
343	1000.000000	-467.945816	14.427799	123970.110587	-0.001969	0.001915	102.518878
346	1000.000000	291.648805	614.396471	143905.622576	0.001494	0.001458	137.997868
345	1000.000000	176.694062	-708.835612	119255.868375	-0.001177	-0.001424	102.514138
347	1000.000000	44.298422	-1229.794331	143315.996006	-0.003602	-0.001759	142.017576
348	1000.000000	144.434782	832.834370	120601.002630	0.002599	-0.001202	102.510385
349	1000.000000	-342.465796	-0.292839	118466.987296	-0.000586	0.004054	102.510982
350	1000.000000	-97.435288	-1243.001974	121412.385140	0.004465	-0.001978	102.514028
351	1000.000000	69.049406	-300.609626	119964.347995	-0.003669	-0.000882	102.514842
352	1000.000000	2.865120	-463.652972	119394.424288	0.004328	0.000016	102.514480
353	1000.000000	-748.346889	-317.246003	119587.465335	0.001149	0.000280	102.514782
354	1000.000000	479.363569	-1059.833160	128938.106318	0.001854	-0.003982	102.725000
355	1000.000000	112.440388	233.380303	143410.869281	-0.000384	0.003094	141.920834
356	1000.000000	377.482754	746.445143	143363.139752	0.000562	0.002966	140.410903
357	1000.000000	-343.626723	-1189.627200	119017.874634	-0.000941	-0.000643	102.516611
358	1000.000000	42.434574	170.705615	120455.228605	-0.000569	-0.001391	102.511968
359	1000.000000	589.652119	-253.735732	143712.562318	0.007127	-0.005091	138.484375
360	1000.000000	-452.044294	250.410852	145441.930272	-0.001421	-0.002323	144.265145
362	1000.000000	-358.063208	137.605191	147409.041608	-0.000922	0.000926	144.217263
361	1000.000000	-155.641865	-446.246137	120626.879315	-0.001334	0.003137	102.515727
363	1000.000000	-144.635919	613.716982	120345.412450	-0.000036	-0.001881	102.518244
364	1000.000000	570.301727	473.751718	146459.988963	-0.002564	-0.001486	145.724433
365	1000.000000	272.344398	1832.125025	121392.556463	0.002696	0.015983	102.520683
367	1000.000000	-407.117331	45.753918	137063.567034	0.000453	-0.000059	131.894677
366	1000.000000	-1303.926429	-1018.372592	120981.620491	-0.007661	0.000198	102.518292
368	1000.000000	-513.010905	210.744738	147396.486950	-0.004408	0.003366	143.377088
369	1000.000000	-32.510906	-253.473762	118434.197301	0.000057	0.002366	102.511298
371	1000.000000	-528.852489	-26.796604	120330.215420	-0.000732	0.001506	102.511376
370	1000.000000	-337.789866	721.424007	121258.318646	-0.002491	-0.000433	102.511658
372	1000.000000	561.301900	-1414.659263	121629.932046	0.001692	-0.006125	102.513512
375	1000.000000	-109.061375	636.523739	150181.601116	0.001585	0.007024	149.125122
373	1000.000000	-294.727518	-165.966101	122881.362844	-0.000210	-0.005005	102.510800
374	1000.000000	-221.625432	124.553689	121556.066863	-0.002813	0.000234	102.512604
376	1000.000000	-316.153335	-806.927204	132816.069728	-0.001936	0.001707	112.476136
378	1000.000000	-57.667838	220.683455	138526.134490	0.003470	0.002414	130.708225
377	1000.000000	110.729594	-908.134059	122786.780970	-0.002986	-0.003197	102.515669
379	1000.000000	194.596749	666.375454	118459.583610	0.000548	-0.003854	102.512375
380	1000.000000	-338.166476	-609.128739	120585.699810	0.001470	-0.002633	102.521113
382	1000.000000	138.304899	-386.101741	148258.524197	-0.002874	0.000632	145.333106
381	1000.000000	-757.195618	-512.832703	138302.909414	-0.001894	-0.000718	132.365738
383	1000.000000	684.858145	51.650331	150904.401472	0.003570	0.001862	148.824220
384	1000.000000	-1567.088288	-704.926775	147720.578057	-0.025232	-0.005884	145.581016
385	1000.000000	-338.855520	1131.507488	121441.947544	-0.000212	-0.004661	102.520080
386	1000.000000	312.377375	-1007.771278	120263.382111	0.002811	-0.000691	102.513136
387	1000.000000	885.045793	391.219521	119409.338029	0.002258	-0.002717	102.511139
388	1000.000000	934.500926	-417.974808	142352.163954	0.001883	0.000716	137.682923
389	1000.000000	335.181233	411.922993	138608.590625	-0.002656	0.001245	134.685504
390	1000.000000	-305.006106	35.544443	119091.322058	0.003329	0.003512	102.514934
391	1000.000000	-665.585229	45.927364	147489.350138	-0.002744	-0.000860	146.677964
392	1000.000000	73.969021	97.844529	128474.319617	0.000079	-0.002000	102.569874
393	1000.000000	-249.621024	62.883474	122337.534289	-0.002336	-0.000251	102.516739
394	1000.000000	-232.009510	-538.800128	143025.113961	-0.006231	-0.001776	139.942780
395	1000.000000	327.455439	974.509378	144085.800301	0.008753	0.001789	139.577952
396	1000.000000	1105.376508	1082.652926	121580.920185	0.004619	0.001318	102.516491
399	1000.000000	494.658509	-417.929021	138905.575471	0.006042	0.000270	133.359217
397	1000.000000	-572.202257	-678.373234	122317.757711	-0.002033	-0.001123	102.518011
398	1000.000000	-224.873880	409.518637	122255.909642	-0.004438	0.002157	102.513181
402	1000.000000	-697.645691	-895.401509	146908.881914	0.000685	0.002983	146.459204
400	1000.000000	-338.695004	266.930704	121183.292979	-0.001601	-0.000724	102.513059
403	1000.000000	-51.585979	-889.271961	140472.023218	-0.001482	0.000048	135.015847
401	1000.000000	254.481607	814.567923	118692.682289	0.002672	0.001307	102.511487
406	1000.000000	-230.587532	1356.721747	145803.097065	-0.001103	0.030239	144.450559
404	1000.000000	142.284152	-101.661085	119041.786843	0.000157	-0.003588	102.509277
405	1000.000000	-54.330086	-1612.240321	121851.516422	0.002975	-0.020712	102.517400
407	1000.000000	-853.267417	369.897241	122021.121790	-0.004982	-0.001646	102.521715
408	1000.000000	-188.798222	-410.940777	119969.596110	-0.001922	0.001654	102.517177
409	1000.000000	315.840359	536.986513	119551.175516	0.000376	0.000662	102.510941
411	1000.000000	-587.682972	563.480401	119415.239445	0.000987	-0.002868	102.515072
410	1000.000000	877.149119	-1310.797167	119123.233534	-0.000181	-0.001208	102.515178
412	1000.000000	62.723291	-241.777489	121553.645080	-0.003766	-0.001019	102.513690
413	1000.000000	-293.761823	155.936941	123721.001129	-0.001686	-0.002221	102.517993
414	1000.000000	-53.638069	-1169.718927	120087.432537	0.000666	-0.001936	102.511148
415	1000.000000	-1186.783297	421.884789	121084.259309	-0.015822	-0.000113	102.517766
416	1000.000000	60.513454	-47.152611	151065.094709	-0.003343	0.000857	147.281837
417	1000.000000	507.810668	262.417758	122513.640481	-0.001636	0.002263	102.513320
419	1000.000000	573.585350	-439.968911	138891.978605	0.003090	0.000362	132.235273
418	1000.000000	-416.032538	179.435911	121433.129003	-0.001937	0.000771	102.510677
420	1000.000000	-67.015722	715.676398	118585.438563	-0.000787	-0.000116	102.508530
421	1000.000000	-348.300871	-403.354179	148278.652101	-0.001233	-0.000674	147.091455
423	1000.000000	486.538506	439.073019	126592.358688	-0.002847	0.001755	102.590397
422	1000.000000	-81.395749	1138.241305	120005.799399	0.003555	0.001421	102.515900
424	1000.000000	66.332770	300.830867	122327.719145	0.001214	-0.002149	102.520615
425	1000.000000	-376.518738	319.750279	122874.720400	-0.000032	-0.001822	102.522785
426	1000.000000	152.384250	671.532098	120735.993448	0.000991	0.002157	102.510827
427	1000.000000	367.708298	100.773427	123959.689086	0.004319	0.001916	102.517836
429	1000.000000	1008.849538	609.548645	148360.902790	0.005518	0.000265	147.809234
428	1000.000000	-25.603017	-255.688077	120981.330067	0.004339	0.000893	102.513122
430	1000.000000	127.425998	-1077.969017	145668.745298	-0.003417	0.001793	143.668760
431	1000.000000	-134.847408	-765.521243	145622.035920	0.000533	0.001689	142.034361
432	1000.000000	-256.713133	-432.095103	140651.565452	0.002095	0.001812	134.169372
433	1000.000000	1109.661092	-867.122099	146859.722834	0.002513	-0.001292	144.105600
434	1000.000000	-396.834716	-94.043402	145716.096676	0.003752	-0.000485	140.621040
435	1000.000000	81.984591	140.664031	122337.525156	-0.000289	0.002594	102.515268
436	1000.000000	837.951692	-322.627956	120993.392449	-0.000047	-0.004352	102.513198
437	1000.000000	-435.851182	-1145.263516	120189.204018	-0.000723	0.000962	102.510444
438	1000.000000	-228.847375	616.115585	144541.462703	-0.000887	0.000294	139.577975
439	1000.000000	-5.780604	-532.759823	122930.810479	-0.002349	-0.000799	102.514824
440	1000.000000	650.503631	-634.443892	120338.666850	0.000170	0.000018	102.519827
441	1000.000000	401.380192	614.340305	144251.261113	0.002215	0.001730	139.285299
442	1000.000000	-111.988114	-265.231906	120774.714473	-0.000778	0.001465	102.512035
443	1000.000000	-30.970298	-414.678062	120072.138697	-0.000730	0.001122	102.511113
444	1000.000000	832.638717	98.934815	120738.460526	-0.001601	0.000375	102.513603
445	1000.000000	-494.114866	743.102002	118946.569435	0.002100	-0.000106	102.516657
446	1000.000000	277.848329	-310.879662	121011.433028	-0.000348	0.002191	102.514737
447	1000.000000	-167.027457	-865.682432	122990.032447	0.000618	0.001192	102.516004
449	1000.000000	927.716690	106.664663	125907.661498	0.009266	0.002418	102.568537
448	1000.000000	145.766615	23.086609	119626.935424	-0.003093	-0.000075	102.513953
450	1000.000000	-194.686429	-893.769172	122047.195285	-0.001037	0.003125	102.525482
451	1000.000000	-1007.257950	-544.771820	147770.961054	-0.006417	0.000821	147.605624
452	1000.000000	-532.463428	-175.326184	120202.293924	0.002352	0.002730	102.514194
453	1000.000000	700.850839	-739.210535	121703.154990	0.002493	0.002802	102.513804
454	1000.000000	279.644417	586.505997	118875.584667	0.000592	0.001431	102.512759
455	1000.000000	-275.928477	43.544636	144270.073292	-0.003246	0.001097	142.334165
457	1000.000000	771.318695	789.756763	142570.201507	0.002664	-0.000304	138.104948
456	1000.000000	218.204713	42.631874	120050.751969	-0.004678	0.003343	102.509362
458	1000.000000	495.473417	476.436273	150237.582934	0.002606	0.004165	148.217038
459	1000.000000	1108.697547	-575.754289	119277.001683	0.002785	-0.003250	102.513801
461	1000.000000	201.020084	-324.702574	147810.598028	-0.000776	-0.000549	146.800342
460	1000.000000	-526.381405	33.874278	122134.275998	-0.004575	-0.001417	102.515717
462	1000.000000	131.979181	-149.481391	119668.580242	0.001762	-0.000522	102.509295
463	1000.000000	167.028591	844.639101	143029.295652	-0.000042	0.001865	141.777524
464	1000.000000	185.405466	71.630869	118451.477410	-0.000433	0.004562	102.512359
466	1000.000000	-206.744973	-415.022703	145320.558478	0.000882	0.000924	141.955083
465	1000.000000	-60.755931	203.732237	119853.862782	0.000311	-0.001776	102.514034
468	1000.000000	872.581441	163.732513	150518.991823	0.011471	-0.000352	147.102185
467	1000.000000	-836.929508	460.384822	119473.214830	-0.002843	0.000909	102.510418
469	1000.000000	-1117.312530	1292.317146	125755.189438	-0.006170	0.001882	102.529929
470	1000.000000	-888.464615	500.901008	120721.755113	-0.004662	-0.002031	102.509198
471	1000.000000	1622.695151	39.583767	146542.544413	0.032865	0.001455	142.590382
472	1000.000000	1331.090997	740.183270	122206.394440	0.019426	0.002226	102.514712
473	1000.000000	98.563651	164.551225	125897.843518	0.002687	0.001127	102.541977
474	1000.000000	-195.971983	509.595101	118979.530449	0.000348	-0.001838	102.511814
475	1000.000000	-603.585292	-377.700434	146906.044360	-0.002260	-0.002499	143.719023
477	1000.000000	-832.054427	32.141052	120591.880800	-0.004878	-0.000668	102.522092
476	1000.000000	195.068134	-436.915043	121407.195435	-0.002160	-0.003538	102.514521
478	1000.000000	527.915301	111.165138	120796.427525	0.000613	0.001240	102.516659
479	1000.000000	250.029674	162.093622	141260.398347	-0.000312	-0.001520	136.409821
481	1000.000000	-336.113182	360.117216	149815.208043	0.001944	-0.000189	147.781035
480	1000.000000	-258.555106	-609.359359	119706.649538	-0.002644	0.001724	102.513705
482	1000.000000	68.677130	301.471793	124033.578755	0.000469	-0.003424	102.522222
483	1000.000000	562.653897	-87.790573	122149.717420	0.004477	-0.001353	102.518456
484	1000.000000	-159.880641	201.487632	143515.388207	0.001962	0.002117	139.960151
485	1000.000000	82.841971	-513.318011	141916.741893	-0.001334	0.000693	139.559487
486	1000.000000	-476.752609	-40.765031	143595.478764	-0.003008	0.001173	139.604496
487	1000.000000	-121.575474	297.875944	121642.276431	-0.004772	0.003501	102.515761
489	1000.000000	171.317966	706.228636	123105.359097	0.000175	-0.001217	102.518910
488	1000.000000	-1233.911861	-265.345636	119452.387756	-0.006826	0.001800	102.518591
490	1000.000000	-325.278158	-494.379371	122836.427946	0.001369	0.000699	102.520029
491	1000.000000	657.893985	-635.597883	141496.980997	0.004333	0.001486	139.062673
492	1000.000000	962.068038	126.189075	119535.807398	-0.000992	-0.000127	102.512191
494	1000.000000	-130.677552	-565.499924	123377.861112	-0.003154	0.001087	102.523327
493	1000.000000	8.942488	-317.962833	120897.071866	-0.001542	-0.001008	102.517978
495	1000.000000	327.462788	580.337431	122457.741268	0.002606	0.001220	102.516298
496	1000.000000	1074.653921	124.659676	146825.539506	0.009444	0.004950	144.405256
497	1000.000000	-627.917807	552.063657	128565.418652	-0.006282	0.000400	102.595257
498	1000.000000	-531.801905	93.680514	121004.870999	-0.003278	0.001233	102.514016
499	1000.000000	217.161880	448.114887	120107.572663	-0.000489	0.001813	102.515025
500	1000.000000	-75.354809	-413.199476	119620.029488	0.000545	-0.005225	102.514148
501	1000.000000	-317.927057	-417.450344	120519.630152	-0.002282	-0.000508	102.518643
502	1000.000000	-13.527590	-298.573116	125143.575781	0.000176	-0.001145	102.534248
503	1000.000000	-102.062796	-359.378772	121672.720358	-0.000527	-0.002548	102.514469
504	1000.000000	-231.609961	-202.621703	144055.606853	0.000045	0.000918	139.470083
505	1000.000000	19.251420	-27.649310	119568.913950	-0.000955	-0.001410	102.513813
507	1000.000000	-372.531845	328.320491	121621.873905	-0.002816	-0.000814	102.519095
506	1000.000000	-150.100673	-359.151489	119414.846540	-0.003233	0.002288	102.512361
508	1000.000000	1244.895429	-906.018529	120823.906667	0.008174	-0.000508	102.515728
509	1000.000000	-836.848792	-593.497776	145662.787242	-0.006280	-0.001452	141.333487
510	1000.000000	174.873768	274.503689	151721.925894	-0.001838	0.000667	148.785788
511	1000.000000	-354.025582	317.301375	144720.746377	0.004015	-0.001396	143.886558
512	1000.000000	-41.359327	534.501219	125137.655337	0.002529	0.000180	102.537021
513	1000.000000	187.921942	-106.922913	121894.363184	0.000206	-0.001468	102.514550
514	1000.000000	399.634605	98.536262	121864.562478	-0.000855	0.002025	102.522387
515	1000.000000	-329.684832	158.640103	122363.164703	0.000055	0.003461	102.515541
516	1000.000000	-918.140651	-176.144772	146861.778065	-0.005411	-0.004175	144.024556
518	1000.000000	244.898740	703.724739	144543.744863	-0.002152	0.001648	142.614015
517	1000.000000	-530.136196	69.960984	121534.357829	0.000467	0.001176	102.514368
519	1000.000000	-263.737872	-396.495127	122025.548228	-0.002104	0.003448	102.510175
520	1000.000000	-167.506413	-70.676039	119679.853456	-0.003282	0.001817	102.515758
521	1000.000000	-119.016446	-592.334056	119586.327946	-0.003142	-0.001760	102.511133
522	1000.000000	-109.739454	135.220697	120468.431378	-0.000495	0.000783	102.514987
523	1000.000000	704.959397	1156.469676	143382.131489	0.003220	-0.001645	140.204608
524	1000.000000	291.204781	353.003949	147622.819676	0.004772	0.000643	144.627829
526	1000.000000	285.178520	1094.501722	146703.861401	-0.000006	-0.001591	145.419934
525	1000.000000	625.658398	246.999108	124356.678702	0.002245	-0.001040	102.518924
528	1000.000000	455.332880	-197.042561	141330.754357	0.004574	-0.004245	137.526707
527	1000.000000	-210.683832	-145.364403	119228.087524	0.001067	0.003575	102.513716
529	1000.000000	1121.903567	-73.779874	144981.465947	0.011843	-0.003107	142.524893
530	1000.000000	9.202395	-314.792951	118458.635729	0.000587	-0.000920	102.513420
531	1000.000000	163.221175	-268.467631	119185.997873	-0.000264	-0.002712	102.510152
532	1000.000000	851.679748	-764.729267	119726.986076	0.003315	0.002436	102.513595
533	1000.000000	-742.379930	-55.310913	126775.624279	-0.008071	0.004466	102.546980
534	1000.000000	254.517455	104.623650	119543.676662	-0.001324	-0.000109	102.513533
535	1000.000000	80.140435	-3.604903	147130.317192	-0.004040	-0.000658	144.401273
536	1000.000000	-142.415514	-27.292459	124043.087033	-0.002219	-0.000132	102.517230
537	1000.000000	-492.501143	232.584516	126576.464900	-0.004471	-0.000133	102.535263
538	1000.000000	-297.024637	-837.331091	123097.396111	-0.001812	0.000979	102.512091
539	1000.000000	-461.610679	214.220368	122006.040386	-0.001894	-0.005283	102.511669
540	1000.000000	702.851765	-82.629121	151519.556149	0.005181	0.002053	148.073281
541	1000.000000	152.159742	-932.904120	125263.529938	0.000113	-0.000350	102.542666
542	1000.000000	677.196344	108.735443	139408.051817	0.005578	-0.001293	133.211299
543	1000.000000	-76.089744	1393.938521	121612.080722	0.000397	0.004027	102.514870
545	1000.000000	-1059.309749	-59.403821	148527.754509	-0.011240	-0.003629	148.304547
544	1000.000000	1052.092641	-96.084476	123016.007375	0.005153	-0.000936	102.511720
546	1000.000000	-157.941048	-116.312918	149007.694007	0.004056	0.001510	145.510900
547	1000.000000	-491.577146	713.178474	120359.983831	-0.000266	0.001853	102.511876
548	1000.000000	-335.913230	-83.606354	120548.726159	-0.002237	-0.001208	102.516634
549	1000.000000	105.221531	-545.779595	122667.062192	-0.000299	0.003797	102.514958
550	1000.000000	873.326043	-1372.064340	120037.003535	0.003315	0.000390	102.515741
551	1000.000000	198.859611	622.490508	143922.456115	-0.001083	0.000895	138.298314
552	1000.000000	-380.234944	-1362.299457	122664.004650	0.001253	-0.002766	102.515880
553	1000.000000	-230.344461	-655.287582	124303.349936	-0.002855	-0.002730	102.516029
554	1000.000000	-548.568556	553.576479	119859.435392	-0.001235	-0.002322	102.516134
555	1000.000000	-523.923237	-178.507755	149562.312965	-0.004593	0.003488	145.428937
556	1000.000000	70.434230	-614.062826	120219.474880	-0.003590	-0.001117	102.511241
557	1000.000000	545.944623	485.543035	118768.466316	0.000956	-0.002059	102.510590
558	1000.000000	502.187518	-129.942764	121992.618519	0.002616	-0.000565	102.515549
559	1000.000000	-198.349738	822.850713	120275.185295	-0.000687	-0.002727	102.516240
560	1000.000000	-308.704357	-406.731200	143952.949561	0.002765	-0.001249	140.954614
562	1000.000000	-67.422874	-4.753943	147701.282828	0.001468	-0.001137	145.806845
561	1000.000000	673.702266	272.928629	122043.911557	0.002232	0.001906	102.522742
563	1000.000000	297.017964	63.426324	119270.052652	-0.005977	-0.002335	102.508746
564	1000.000000	647.009929	-179.024055	118700.275659	0.002530	-0.001376	102.514479
565	1000.000000	453.688739	-1057.968615	120268.687464	0.002911	0.001999	102.511024
566	1000.000000	-254.712068	54.735330	145715.126877	-0.002605	0.004597	144.806591
567	1000.000000	-33.979725	215.428898	120813.396986	0.003971	-0.000985	102.515174
568	1000.000000	35.964398	-1031.461143	142749.950714	0.005521	0.000112	137.056911
569	1000.000000	-760.322366	194.676025	120701.895725	-0.000372	-0.003012	102.517257
570	1000.000000	707.530339	56.573607	120528.571752	0.004640	-0.001908	102.518260
571	1000.000000	-1383.637910	-426.817449	121176.678117	-0.006173	-0.000850	102.518365
572	1000.000000	-217.020534	-172.596314	118774.505211	-0.002562	-0.004544	102.520377
573	1000.000000	-738.614787	1390.770683	138290.061433	-0.008555	0.004950	130.455165
574	1000.000000	-524.189740	1005.772759	147256.303089	-0.002202	0.003273	146.285920
575	1000.000000	-310.464199	-103.776357	120961.618639	0.001153	0.002348	102.513538
576	1000.000000	399.333873	-151.464792	122147.038535	0.004102	0.000350	102.518814
578	1000.000000	327.943570	-103.369262	148706.717622	0.003606	-0.002623	144.546842
577	1000.000000	635.632951	-453.031541	118961.190605	-0.000144	0.001574	102.513467
579	1000.000000	-105.979560	-338.341597	121461.546788	0.002944	-0.001360	102.517557
580	1000.000000	730.362239	219.761075	121595.086466	0.006030	-0.003328	102.513772
581	1000.000000	933.020948	1044.839332	126574.694047	0.015720	-0.001184	102.538133
582	1000.000000	-199.140124	-98.692828	119261.118109	0.003819	-0.000219	102.512811
583	1000.000000	426.419089	-485.167645	120136.707499	0.000029	-0.004320	102.518611
584	1000.000000	667.105765	-2239.622187	144439.673755	-0.000987	-0.426882	139.881634
585	1000.000000	-304.018258	-320.197516	149325.426134	-0.003656	0.004049	145.657441
586	1000.000000	407.762450	1301.573957	140342.127430	0.005006	0.011307	135.880621
587	1000.000000	134.728149	105.041453	121325.615171	0.001791	0.001114	102.511995
588	1000.000000	190.455825	278.443285	119065.984998	-0.000071	0.001614	102.511036
590	1000.000000	-271.588503	555.605860	122650.293830	-0.003689	-0.000618	102.515762
589	1000.000000	163.021529	0.111317	121035.836934	-0.000567	0.000211	102.518876
591	1000.000000	88.312327	958.731121	142986.243684	0.001821	0.000100	141.464000
592	1000.000000	235.794060	-499.461826	122376.790557	0.002696	-0.001864	102.512150
594	1000.000000	-847.101204	265.211534	151461.160308	-0.021231	-0.001605	147.784361
593	1000.000000	332.415134	543.302084	120825.409929	0.003143	0.001816	102.516813
595	1000.000000	529.770813	-585.892765	151568.881963	0.002153	-0.002784	149.700062
596	1000.000000	-627.226633	-378.309224	123073.755800	-0.001760	0.001245	102.514030
598	1000.000000	505.839900	236.657151	148938.233288	-0.001552	-0.000187	146.364216
599	1000.000000	-615.183710	91.304368	149083.390752	-0.006966	0.001613	148.485878
597	1000.000000	439.744301	197.255813	120367.261084	0.002250	0.000774	102.515740
600	1000.000000	31.915078	420.593446	142261.329378	-0.001578	0.000879	135.006658
601	1000.000000	29.031284	-392.176054	122547.801474	-0.001349	0.001299	102.515491
602	1000.000000	-145.723622	842.590183	119823.418168	-0.004542	0.002004	102.519120
603	1000.000000	1099.747023	434.816381	122263.010235	0.011939	0.001745	102.511343
604	1000.000000	482.777147	193.423825	123476.795883	-0.000811	-0.003375	102.512222
605	1000.000000	-197.922986	69.330104	121457.164876	-0.003976	-0.000572	102.516492
606	1000.000000	-297.261491	1036.320951	121581.751620	-0.001093	-0.001715	102.520991
607	1000.000000	388.744168	284.157157	121326.822564	0.003020	-0.000063	102.512936
608	1000.000000	866.139996	-53.184268	145382.853738	-0.000934	0.000816	144.306079
610	1000.000000	-254.339006	553.888779	150844.939398	-0.000031	-0.003395	147.701100
609	1000.000000	-484.331554	259.110576	143739.283846	-0.003002	0.005371	141.762931
611	1000.000000	589.311926	-583.248855	142121.243912	0.001137	0.000323	135.727142
612	1000.000000	-284.779243	210.792662	147255.996729	-0.000643	0.000439	146.819878
613	1000.000000	-1026.021294	271.894161	122703.244141	-0.003068	0.001876	102.509953
614	1000.000000	33.412634	-422.726026	122975.351038	0.001838	-0.001172	102.514712
615	1000.000000	-423.623569	-457.759490	142163.558542	-0.004896	0.002001	136.535048
616	1000.000000	-434.926986	667.688569	123993.280974	-0.001788	0.004653	102.519244
618	1000.000000	-388.591223	128.616886	142972.469042	-0.004484	0.001280	138.615842
617	1000.000000	227.652622	241.440807	120965.501533	0.000118	0.000599	102.518358
619	1000.000000	857.874909	430.772474	144726.007658	0.004550	0.002064	143.914450
620	1000.000000	745.955434	-1044.471686	123103.194895	0.007298	0.001044	102.516919
622	1000.000000	-229.283347	-171.895620	147748.192499	-0.005169	0.001261	147.825357
621	1000.000000	202.958351	165.686759	118381.422439	0.000398	-0.001366	102.512839
623	1000.000000	-420.536603	633.409815	120405.426750	-0.000261	0.000039	102.513615
624	1000.000000	-1553.090450	-10.706110	120672.410654	-0.020507	-0.001457	102.512355
625	1000.000000	296.966135	-262.309946	147418.022712	0.000136	-0.000167	144.421898
626	1000.000000	-236.478261	-556.458183	119014.345018	-0.001069	0.001737	102.512192
628	1000.000000	-943.555751	-673.855288	141238.640825	-0.008871	-0.002184	137.735151
627	1000.000000	-369.985423	-144.351210	122858.287927	0.002975	0.000254	102.516675
629	1000.000000	-361.713107	-543.068366	119018.800980	-0.002989	0.000753	102.512590
630	1000.000000	-120.108050	-350.473938	122334.587169	0.001049	-0.002006	102.512265
632	1000.000000	576.581700	-435.977749	145800.827189	0.005963	-0.001028	145.442240
631	1000.000000	660.913755	558.859207	121441.015488	0.002157	0.001053	102.510277
633	1000.000000	-804.523151	-139.264831	122399.138683	-0.002555	-0.000654	102.514400
634	1000.000000	575.753287	229.366773	121031.581459	-0.000056	0.001596	102.515027
635	1000.000000	-1181.239519	288.235922	148839.974644	-0.014410	0.000325	148.403824
636	1000.000000	1269.645704	-755.394075	119654.541837	0.012153	-0.003516	102.507656
637	1000.000000	-231.159221	699.499984	122187.697732	-0.005092	-0.002546	102.516557
639	1000.000000	-103.975576	-21.011179	142189.426724	-0.002099	0.003018	139.767123
638	1000.000000	1089.533567	-1030.518713	119485.726511	0.002505	0.001120	102.512807
640	1000.000000	-4.033375	722.261429	122525.909914	-0.004562	0.001437	102.522216
641	1000.000000	-342.230674	211.263199	121732.260262	0.001772	-0.001586	102.520186
642	1000.000000	-824.858234	-106.880694	151658.059398	-0.007456	-0.001881	148.758052
643	1000.000000	-203.583771	47.442780	142171.684320	-0.002053	0.000439	137.378586
644	1000.000000	-981.145572	-630.078665	121947.782972	-0.004706	-0.001764	102.512467
645	1000.000000	-217.503010	-744.771695	119201.690008	-0.001370	0.000625	102.510477
646	1000.000000	-971.555238	327.025711	147692.987415	-0.006568	-0.001792	143.811807
647	1000.000000	-263.604594	243.183413	122024.049307	0.000118	0.001717	102.519837
648	1000.000000	-164.262289	1441.006717	147283.335643	-0.000899	0.006980	143.404291
649	1000.000000	909.183811	105.216462	122464.779958	0.008620	-0.004669	102.514406
651	1000.000000	188.543030	-340.002555	123197.196002	-0.000975	-0.002221	102.525086
650	1000.000000	350.622032	-123.767077	121673.450011	0.003722	0.001481	102.515108
652	1000.000000	601.960685	240.207352	124397.825428	-0.002122	0.001079	102.519353
654	1000.000000	-50.915570	-172.637609	144113.361509	-0.003067	0.000253	141.299795
653	1000.000000	240.277879	-48.527028	121252.148851	0.000958	0.001634	102.512300
655	1000.000000	719.661731	341.783291	146638.118437	0.003456	-0.002351	146.472537
656	1000.000000	104.316652	503.153461	122081.560920	0.002371	-0.001120	102.517574
657	1000.000000	29.819854	-58.901814	145310.965236	0.002465	0.001259	142.908808
659	1000.000000	844.144818	-525.215670	141208.469237	0.004673	-0.008455	138.796079
658	1000.000000	-329.453280	-140.202722	120419.571476	0.001121	-0.000678	102.515702
660	1000.000000	492.050686	585.146983	121345.818056	0.003303	-0.002067	102.512164
661	1000.000000	-213.761156	109.985583	122190.400122	0.000089	0.003213	102.511721
662	1000.000000	-230.532140	-578.482219	147131.169411	-0.004945	-0.002173	142.518634
663	1000.000000	323.575608	-768.340354	121995.576252	0.004665	0.001960	102.515663
664	1000.000000	-1095.768009	-469.771827	120878.785462	-0.005351	-0.002845	102.518682
665	1000.000000	55.988528	-304.090369	151397.260032	-0.000660	0.002450	150.239528
667	1000.000000	-545.316185	188.852042	140266.626982	-0.004040	-0.001805	137.804152
666	1000.000000	-261.178875	136.286116	122404.108213	-0.004450	-0.001583	102.510158
668	1000.000000	-884.103915	-1607.007491	118837.067701	-0.003670	-0.013058	102.516853
669	1000.000000	-592.165332	466.027207	121406.309500	-0.002803	-0.003547	102.516557
670	1000.000000	-377.807097	-519.322516	120834.994700	-0.000483	-0.000433	102.517142
671	1000.000000	533.353804	-764.020089	124201.471247	0.002511	-0.003545	102.516745
672	1000.000000	380.182132	-439.092725	118840.535326	0.000358	-0.002266	102.512796
673	1000.000000	43.879092	1974.576030	119104.871174	-0.000453	0.052601	102.514543
674	1000.000000	-88.438298	-477.714818	119871.975844	0.003492	-0.002617	102.513316
675	1000.000000	-805.845700	309.552501	122999.096773	-0.007852	-0.001880	102.515085
676	1000.000000	-354.240232	-1191.685165	147393.513704	-0.000907	-0.004797	145.804437
677	1000.000000	389.458365	629.323286	119458.086968	0.000160	0.000354	102.515554
678	1000.000000	-200.912032	-1669.686659	126374.490970	0.000327	-0.005400	102.634588
679	1000.000000	-235.879154	-81.051963	118654.284371	0.001176	-0.001132	102.512805
680	1000.000000	313.629013	-10.235866	122083.508266	0.002153	-0.002826	102.520296
681	1000.000000	191.692201	-154.574681	121397.484750	0.004451	-0.002448	102.513850
682	1000.000000	131.353930	770.176963	121483.431924	0.003650	0.001989	102.514030
683	1000.000000	-404.498277	288.904128	147335.403414	0.000205	0.005220	145.591961
684	1000.000000	-672.053343	96.481178	149977.458494	-0.001908	-0.003963	145.960928
685	1000.000000	-879.814025	-1509.724700	120407.230085	0.000351	-0.011352	102.515830
686	1000.000000	-21.950363	130.795132	120353.911548	-0.000732	-0.001337	102.518569
688	1000.000000	173.519791	278.364798	140608.962105	0.005558	0.000980	133.781755
687	1000.000000	-766.060351	-402.972065	123084.653582	-0.001111	0.001076	102.522164
689	1000.000000	-347.090371	405.046276	147799.682724	-0.001442	-0.004419	143.237845
690	1000.000000	-199.230159	128.164251	147681.438774	-0.000904	-0.000926	143.212227
691	1000.000000	-150.876166	-18.515176	124246.317202	0.001990	-0.001766	102.511615
692	1000.000000	-581.129581	325.121110	138903.003186	-0.006435	0.000320	133.929745
693	1000.000000	989.730879	270.933802	146246.907869	0.004165	-0.001186	142.868625
694	1000.000000	-723.588105	31.846408	143797.151072	-0.004575	0.003512	142.310953
696	1000.000000	134.816020	-758.061069	146437.460618	-0.000488	0.000532	143.535807
695	1000.000000	-574.904835	-28.095761	119417.858752	-0.001027	0.000466	102.509627
697	1000.000000	-52.346458	396.978274	125393.478686	0.002102	0.003073	102.529929
698	1000.000000	-1206.143482	185.344298	148966.959218	-0.014437	0.001963	145.224364
699	1000.000000	-313.765793	232.268369	120860.190741	-0.001736	0.002419	102.514846
700	1000.000000	-595.285167	-490.907246	120390.434833	-0.003985	-0.001662	102.513631
702	1000.000000	-342.825442	-261.735563	147131.529204	-0.000492	-0.000349	145.061191
701	1000.000000	523.491835	141.008714	123090.336274	0.001201	-0.001280	102.522032
704	1000.000000	528.353335	633.578032	144216.736057	-0.000640	-0.001186	140.157165
703	1000.000000	-786.417102	165.501612	122225.953226	-0.003778	-0.002841	102.514251
705	1000.000000	-90.963087	895.547447	141701.070642	0.001747	-0.001712	136.199540
706	1000.000000	246.396285	594.026469	121602.593312	-0.001416	0.001121	102.514154
707	1000.000000	949.654896	555.424525	138218.251137	0.004153	0.000313	132.057270
709	1000.000000	-146.042938	338.174367	120328.389865	-0.002485	0.002490	102.518968
708	1000.000000	-571.168569	-342.700657	123880.685208	0.000512	0.002150	102.520974
710	1000.000000	470.714799	180.633643	121961.383745	0.000798	0.000601	102.520915
711	1000.000000	-428.225674	-237.991408	153598.118431	-0.000656	-0.000745	150.788474
712	1000.000000	678.716220	671.557591	141189.603982	0.001845	0.000166	136.665702
714	1000.000000	728.711693	356.805152	148993.964791	0.003360	-0.005089	145.460263
713	1000.000000	-777.746793	562.023425	120878.156481	-0.001106	-0.004558	102.511553
715	1000.000000	-362.065464	-307.436478	139765.921896	-0.001593	-0.001300	136.213891
716	1000.000000	-224.195724	550.982620	149506.277160	-0.004553	-0.000387	146.841309
717	1000.000000	465.774229	-2049.565957	121214.121354	0.001382	-0.088920	102.519604
718	1000.000000	-93.031382	-66.605173	143956.612765	0.000759	-0.001794	141.889309
719	1000.000000	-178.845320	-295.431506	145528.374594	-0.001428	0.000951	142.724074
720	1000.000000	-166.593573	-1704.740211	149339.432396	-0.001025	-0.084198	147.814769
721	1000.000000	-166.358940	-1000.131711	119621.124594	-0.000204	-0.000018	102.514800
723	1000.000000	504.445180	-96.872215	141500.673438	0.001517	-0.003475	137.766387
722	1000.000000	301.060978	129.013061	121351.802836	0.001733	-0.000924	102.511815
724	1000.000000	57.861078	-989.201652	121706.333635	0.002170	-0.000569	102.513123
725	1000.000000	-177.590898	132.399159	119515.389913	0.001524	0.000836	102.515162
726	1000.000000	-1015.115233	668.461807	122425.532495	-0.009598	-0.001170	102.519775
727	1000.000000	-649.046778	-1277.952957	122144.067990	0.001989	0.001072	102.514747
728	1000.000000	873.465935	664.390447	120693.499477	0.008253	0.002166	102.519896
730	1000.000000	-993.160094	354.267896	136807.706672	-0.009665	0.001453	128.600191
731	1000.000000	149.213489	939.328084	145068.801707	0.002491	-0.001879	141.200938
729	1000.000000	-679.118731	1195.638878	120586.373795	-0.005680	-0.000569	102.513640
732	1000.000000	-190.786805	1000.445636	120975.709448	-0.001276	-0.000323	102.515318
733	1000.000000	-18.506878	723.861003	122773.560537	-0.000491	0.001212	102.518109
735	1000.000000	231.923882	-240.471184	121332.656719	-0.000386	0.001397	102.506735
734	1000.000000	-632.171349	-711.191255	118981.067933	-0.002413	-0.002221	102.511243
736	1000.000000	402.040583	94.491930	142126.367241	0.001519	-0.004381	134.920963
737	1000.000000	-586.471792	414.491395	144978.105451	-0.004402	-0.002223	140.002524
738	1000.000000	-486.716054	-561.799152	147996.180120	-0.005209	-0.003102	143.781170
739	1000.000000	504.375836	350.898522	120470.027296	0.001732	-0.000373	102.513142
740	1000.000000	-621.551209	-513.696328	122216.690823	0.000300	0.000047	102.516996
741	1000.000000	-311.700239	-170.176550	120793.716647	0.000097	-0.000390	102.514782
742	1000.000000	224.603143	537.075638	119054.511067	-0.001015	-0.001512	102.511380
743	1000.000000	-1866.284270	493.251444	148039.328839	-0.033520	0.001846	147.768695
744	1000.000000	341.220565	-38.588182	121774.752970	0.001003	0.001367	102.514078
745	1000.000000	-225.776111	220.927529	121703.003644	0.000123	-0.001954	102.511603
746	1000.000000	-465.023430	62.540983	121886.129932	-0.001712	0.000514	102.516645
747	1000.000000	494.562942	169.798005	120085.247694	-0.000643	-0.000761	102.515428
748	1000.000000	1567.306858	-399.731379	119152.096607	0.017293	-0.000685	102.511982
749	1000.000000	-1625.404070	403.882925	150775.427727	-0.025363	0.000947	147.712205
750	1000.000000	-423.045229	224.152269	141975.412677	-0.001772	0.000290	137.450460
751	1000.000000	1.451658	-854.292336	120764.942322	0.001579	-0.002286	102.523650
752	1000.000000	-64.074370	-200.859174	124667.951167	-0.002537	0.003821	102.520930
753	1000.000000	466.462952	-718.292129	120667.835208	0.003272	0.001994	102.511650
754	1000.000000	1165.029740	234.471595	120962.247072	0.008407	0.002731	102.516401
756	1000.000000	-1104.140283	373.053145	120830.457377	-0.003718	0.000554	102.518720
755	1000.000000	-55.871186	900.797822	119547.690819	0.000985	0.003727	102.517192
757	1000.000000	-195.629292	-222.815853	120748.315687	0.001373	0.000321	102.515657
758	1000.000000	-21.413122	440.071534	119857.049628	0.000047	0.000610	102.511547
759	1000.000000	-570.664691	430.626929	122021.201911	0.000127	0.001278	102.510960
760	1000.000000	-1.247389	-205.210397	121725.378478	-0.001828	0.003569	102.521604
761	1000.000000	-1528.256016	91.104725	145738.734539	-0.020998	0.002044	142.338357
762	1000.000000	75.252785	384.740361	120412.263112	-0.003942	-0.002351	102.507144
763	1000.000000	-148.355538	-1053.201580	120029.349535	-0.001957	-0.002539	102.515361
764	1000.000000	-179.434602	96.915168	123920.367478	-0.001163	0.000592	102.519353
765	1000.000000	113.379508	278.380312	120623.175747	-0.004104	0.003970	102.514572
766	1000.000000	-635.669631	-190.061089	139324.786756	0.001422	-0.002203	135.461064
769	1000.000000	9.945405	156.350418	144969.071446	-0.001976	-0.000609	139.530217
768	1000.000000	811.301509	17.042031	145398.168404	0.005097	-0.001894	143.024272
767	1000.000000	295.050682	-810.066236	122648.749826	0.004305	0.000547	102.517957
770	1000.000000	-424.758748	620.511103	144092.526329	-0.002725	0.001752	139.608929
771	1000.000000	338.676598	657.776191	147947.707491	-0.002199	-0.002578	145.363022
773	1000.000000	467.135968	-333.016359	121106.861148	0.002447	0.000006	102.518218
772	1000.000000	-546.752193	360.892053	122251.245281	-0.000023	0.000342	102.523124
774	1000.000000	299.987921	1122.644965	120883.497301	0.001857	0.000498	102.505095
775	1000.000000	-694.044963	1008.639010	119716.442267	-0.003307	0.002196	102.514160
776	1000.000000	-834.339496	35.795774	121330.049131	-0.003739	0.000662	102.523546
777	1000.000000	397.908871	-1811.650597	121152.620445	0.000908	-0.008400	102.514338
778	1000.000000	-172.266281	290.355980	141343.022880	-0.000359	0.000297	136.473910
779	1000.000000	319.692197	-440.405827	121399.550511	-0.000355	0.002168	102.512092
780	1000.000000	208.302642	340.574151	119084.936530	0.001843	-0.000669	102.514737
781	1000.000000	-56.404217	-617.202860	141096.926334	-0.000483	-0.001855	137.183030
782	1000.000000	269.085357	-59.372521	119339.534930	0.000312	-0.000427	102.512635
783	1000.000000	-333.236907	286.417892	143240.623600	-0.002501	-0.001643	136.757166
784	1000.000000	321.120867	52.502185	120782.084705	0.001638	-0.002522	102.514028
785	1000.000000	54.260276	836.016729	119741.275600	0.002816	0.002627	102.522422
786	1000.000000	688.575749	-411.783895	118892.206610	0.000796	-0.000341	102.511951
787	1000.000000	-255.895585	-596.201088	119078.372629	-0.000624	-0.000088	102.512965
788	1000.000000	-106.165837	-414.837839	144235.964217	-0.004634	-0.001806	140.511999
790	1000.000000	578.433320	759.014347	150985.747746	0.003559	0.001145	148.238517
789	1000.000000	-412.758365	-63.357930	120256.466391	-0.000383	-0.001973	102.515478
791	1000.000000	-85.934766	-208.881773	122062.647144	-0.002875	-0.000333	102.515510
792	1000.000000	144.453574	450.619737	121403.425886	0.007570	0.003885	102.518595
793	1000.000000	-301.794306	460.249188	119240.376433	-0.002312	0.003429	102.513249
794	1000.000000	-32.616183	-1256.353609	146959.515711	-0.006232	-0.004337	144.424487
795	1000.000000	535.165034	-227.419143	122668.058004	0.000040	-0.002094	102.514083
796	1000.000000	788.789125	-849.366368	120340.091913	-0.001193	0.000680	102.520332
797	1000.000000	1128.745940	-1066.609132	136644.358907	0.009368	-0.001534	130.423691
798	1000.000000	-753.868520	-297.149711	143451.979805	-0.006380	-0.000989	137.428868
799	1000.000000	409.551489	208.722283	124392.044503	-0.002944	-0.001043	102.516506
800	1000.000000	-448.479827	350.174154	151733.853685	-0.004121	-0.000324	148.676902
802	1000.000000	323.029723	-289.320983	147983.441189	0.005155	-0.001925	144.575114
801	1000.000000	257.937920	-745.121447	121674.533111	0.000797	-0.000054	102.514557
803	1000.000000	-941.184918	1167.635078	142370.000766	-0.006075	0.002800	139.419475
804	1000.000000	269.852500	432.041888	120073.015259	0.001556	-0.000204	102.513878
805	1000.000000	734.600848	1149.887281	120396.555699	0.002674	0.000906	102.515796
806	1000.000000	-333.907352	-1950.415904	121470.137047	-0.003781	-0.226577	102.511780
807	1000.000000	-642.125019	-548.577680	118888.796895	-0.000595	-0.003255	102.514471
808	1000.000000	-503.054054	-334.360018	124079.391400	0.000260	0.000892	102.518879
810	1000.000000	-245.107638	-193.206114	123832.202955	0.001151	0.001588	102.517337
809	1000.000000	541.591596	-642.999138	121915.805874	0.000290	-0.001426	102.512164
811	1000.000000	329.429108	399.841770	148340.229786	0.005934	-0.002053	148.156138
812	1000.000000	784.454678	180.828867	141081.947422	0.002365	0.004073	138.842052
813	1000.000000	-1092.924484	-342.654495	120081.331581	-0.003663	-0.000485	102.507572
814	1000.000000	-243.661065	435.366350	122272.620441	-0.000074	0.000326	102.514356
815	1000.000000	547.384497	275.167334	118316.514710	-0.002118	-0.003066	102.508363
816	1000.000000	-226.246332	643.632867	119110.332937	-0.000573	0.002453	102.512013
817	1000.000000	-33.026820	852.521562	144725.837082	0.005044	0.002227	140.253939
818	1000.000000	271.028938	219.414908	149831.599925	-0.000986	-0.001804	149.449099
819	1000.000000	33.180718	6.159247	123672.251856	0.001516	-0.002578	102.539541
820	1000.000000	370.614014	776.914478	123225.084256	0.003352	0.003674	102.513604
821	1000.000000	53.008680	192.301202	121271.010592	-0.001977	0.002501	102.509899
822	1000.000000	278.604057	-828.250442	122380.813324	0.002913	0.000314	102.514223
823	1000.000000	-226.111880	237.544726	149100.853907	-0.000039	-0.001173	148.441529
824	1000.000000	210.406342	-214.110987	151593.821668	0.001336	-0.003927	149.290866
825	1000.000000	-169.499092	-921.444849	142017.764466	-0.001362	0.001257	138.910890
826	1000.000000	-73.237731	-883.683657	138768.683007	-0.000563	-0.002190	134.626643
827	1000.000000	1067.227472	-248.747089	119215.588960	0.002672	-0.001419	102.517610
828	1000.000000	-38.041335	-1237.768457	119024.862081	-0.000302	-0.000399	102.511683
829	1000.000000	804.342684	-276.772932	119401.849252	0.001136	-0.001786	102.514599
830	1000.000000	88.788860	-340.775455	123174.275408	0.002863	0.002274	102.518583
831	1000.000000	1101.653622	1067.492852	126095.803807	0.011682	0.005354	102.527637
832	1000.000000	22.859724	474.290983	121594.395563	0.001748	-0.001750	102.519303
833	1000.000000	652.061600	711.317307	118484.381014	0.000215	-0.000339	102.516978
834	1000.000000	-86.367134	-435.665115	122036.942424	-0.001703	0.003458	102.514005
835	1000.000000	991.654293	-330.975331	122259.397434	0.004108	0.001685	102.515875
836	1000.000000	58.146263	812.846522	120249.534388	0.003687	0.002656	102.511065
837	1000.000000	-145.189374	437.496030	118282.485524	0.001899	-0.001868	102.514822
839	1000.000000	-1059.090187	-29.211271	121581.944542	-0.001153	-0.001452	102.516469
838	1000.000000	-798.170704	291.134243	119815.280371	-0.001406	0.000566	102.515269
840	1000.000000	-710.958156	-277.175340	121227.570293	-0.002621	0.003068	102.514418
841	1000.000000	-594.371105	707.252622	119966.214273	-0.005041	-0.005684	102.513640
842	1000.000000	-884.949081	628.874255	120241.232031	-0.001660	-0.001763	102.516076
843	1000.000000	-808.502580	-173.542661	120597.743539	-0.002437	0.001701	102.513881
844	1000.000000	-622.347025	-775.013159	121265.542743	-0.001747	-0.004793	102.515422
845	1000.000000	-51.127677	1079.229990	150462.628380	0.002897	0.000138	148.788877
846	1000.000000	246.986297	367.446463	121146.605518	0.003606	0.002666	102.513744
847	1000.000000	-113.612887	-165.771111	119172.154061	0.001202	-0.002026	102.513321
848	1000.000000	1290.562363	-20.591005	118146.113190	0.004759	0.001054	102.513897
849	1000.000000	-709.224316	758.298715	119340.597573	-0.001517	-0.001684	102.512961
850	1000.000000	-741.944904	550.728550	141478.619820	0.000203	0.000368	138.115180
853	1000.000000	776.367489	-190.912322	145368.704349	0.003328	0.004535	143.734634
852	1000.000000	-108.224387	-225.355807	124398.458948	-0.002267	0.001539	102.521961
851	1000.000000	26.452751	453.931659	133959.365895	0.003965	0.003058	104.010744
854	1000.000000	-804.025868	-473.531417	119208.797091	-0.002446	-0.001223	102.515634
855	1000.000000	-621.191240	205.368004	148817.659811	-0.002470	-0.003031	147.904669
857	1000.000000	621.841972	-595.204046	154931.955612	0.003070	-0.004127	152.081690
856	1000.000000	-397.256644	215.528639	122296.970630	0.000260	-0.000756	102.516173
858	1000.000000	253.645765	227.065381	124667.744562	-0.005987	-0.003020	102.519511
859	1000.000000	132.032127	708.605239	121330.835044	0.001634	0.001589	102.512844
861	1000.000000	103.573991	-865.432613	141621.794534	0.002957	0.003781	136.961860
860	1000.000000	1027.627077	-862.773465	120672.847624	0.006700	0.001432	102.517301
862	1000.000000	193.242111	661.890766	120115.193623	-0.002090	0.002716	102.510055
863	1000.000000	-240.889872	-986.570873	122123.312008	-0.000134	-0.002225	102.511333
865	1000.000000	-43.683755	-859.353492	141709.414465	0.002421	-0.000826	139.241787
864	1000.000000	364.434881	-400.875947	122416.630004	0.003130	0.001904	102.509246
866	1000.000000	-296.604366	-1012.085535	121039.651404	0.001521	0.002944	102.515038
868	1000.000000	-724.187820	36.296890	149318.252791	-0.003532	0.002972	147.416968
867	1000.000000	125.574796	132.294374	137474.976952	0.000385	-0.001273	129.392159
869	1000.000000	695.172450	703.750819	123547.444588	0.006371	-0.000751	102.522762
870	1000.000000	-25.505698	72.566119	122217.311312	-0.000490	-0.002433	102.514844
873	1000.000000	197.300562	937.412449	139550.254899	0.002147	0.001365	135.069137
872	1000.000000	-153.829259	1347.094436	120292.165884	-0.004610	0.005905	102.516353
871	1000.000000	-79.309664	489.336778	122157.886956	0.000663	-0.001304	102.518527
875	1000.000000	234.425379	242.690887	142077.426797	-0.001034	-0.001900	138.283111
874	1000.000000	-730.460733	-654.399577	119873.223844	-0.002333	0.001579	102.518221
877	1000.000000	-143.076000	298.004153	146591.260193	-0.000248	0.001221	142.695225
876	1000.000000	-848.206210	557.196430	119589.347107	-0.002641	-0.002961	102.509487
879	1000.000000	234.834109	-573.047438	145809.173580	0.001057	-0.002869	141.772056
878	1000.000000	-438.569094	-275.261892	124196.244716	-0.005154	0.000076	102.525522
880	1000.000000	158.007461	-512.961361	122157.234199	-0.000111	0.000264	102.515885
881	1000.000000	-243.317074	87.797237	129362.903012	0.002138	-0.003931	102.807658
882	1000.000000	447.103168	871.024767	144349.832449	-0.004468	0.000780	142.199827
883	1000.000000	-132.035348	731.662297	143190.192527	0.001237	0.000008	138.374509
885	1000.000000	50.859871	307.396406	125799.343889	-0.000270	0.002140	102.526202
884	1000.000000	-75.820992	-902.501218	119466.490050	0.003327	0.003176	102.506107
886	1000.000000	310.094373	-94.529560	148696.491412	0.000780	-0.001265	144.857146
887	1000.000000	-46.571890	-310.138623	122564.738161	-0.002615	0.002474	102.513357
888	1000.000000	-486.285549	837.816355	122640.473109	-0.002846	0.000583	102.517788
889	1000.000000	547.912624	-472.209108	119926.905642	0.001983	-0.001421	102.517445
891	1000.000000	393.625666	119.526078	148585.545067	0.003138	0.005742	147.705713
890	1000.000000	-207.863939	-338.474623	122225.136680	0.002256	-0.000450	102.511306
892	1000.000000	-681.449314	-272.406107	124840.189544	-0.000498	0.003772	102.525624
893	1000.000000	142.503355	197.096889	121416.055261	-0.000234	0.003498	102.515043
894	1000.000000	-54.841667	-758.075226	121138.079574	0.001513	-0.000009	102.519924
895	1000.000000	-381.608650	1136.328075	120386.798340	-0.002722	0.002884	102.514748
896	1000.000000	296.727495	253.927894	122577.864809	0.002249	0.001101	102.518543
897	1000.000000	-527.382199	980.548079	120886.037679	-0.003223	-0.000398	102.522923
898	1000.000000	1170.418130	-120.001450	122224.173727	0.005321	0.000851	102.514030
899	1000.000000	752.182638	-94.160041	122359.027105	0.003456	0.003927	102.515915
900	1000.000000	-433.540463	-114.436868	121834.436784	-0.004972	-0.002008	102.514794
902	1000.000000	-818.743390	481.635119	145921.127672	-0.003180	0.001150	145.678606
901	1000.000000	1076.879720	68.175032	121728.308056	0.001184	0.002896	102.512609
903	1000.000000	234.435265	-519.668132	119879.564401	0.000453	-0.001967	102.519733
904	1000.000000	-990.725919	43.259729	145745.921355	-0.004515	-0.002924	143.806150
905	1000.000000	-576.758188	665.745414	149684.832599	-0.000865	-0.001801	145.966507
906	1000.000000	-19.972865	-111.520915	142312.169658	-0.004162	-0.000640	138.179416
907	1000.000000	138.458033	-254.116694	123242.519094	0.002122	0.000645	102.515925
908	1000.000000	-427.683236	1570.142558	121035.163585	-0.002327	0.017827	102.516471
909	1000.000000	-321.035700	505.365301	122289.067266	-0.001289	-0.003077	102.516615
910	1000.000000	-93.399185	50.805803	143308.155035	-0.001376	-0.000648	141.445653
911	1000.000000	-643.332144	168.867604	148038.976094	-0.001169	-0.004825	146.149348
912	1000.000000	65.094329	-349.897971	120594.310862	-0.000096	0.001232	102.526374
913	1000.000000	-631.803585	-217.869536	119777.748609	-0.000119	0.003081	102.510363
914	1000.000000	136.214480	63.910051	146594.516571	-0.001574	-0.002383	143.818696
915	1000.000000	14.566357	-278.752246	142380.190942	0.002562	-0.000040	140.535126
916	1000.000000	-841.296976	-225.528973	121960.422769	-0.001859	0.002254	102.515706
918	1000.000000	1329.681094	389.973218	140108.731876	0.033545	-0.004071	134.363090
917	1000.000000	-69.972279	-9.049827	125156.407996	-0.002867	0.002711	102.524537
919	1000.000000	136.121207	447.267629	121238.494522	-0.000388	0.001166	102.515036
920	1000.000000	1266.956185	32.951978	119357.304430	0.013038	-0.002213	102.517741
923	1000.000000	-1207.371678	496.367008	143614.767143	-0.006813	0.002397	138.720894
922	1000.000000	-32.536893	-182.739779	120672.369085	0.000166	0.003457	102.520707
921	1000.000000	374.461436	93.998268	122098.513052	0.001757	-0.000390	102.525113
924	1000.000000	-408.376682	309.453141	121063.346196	0.001881	-0.001298	102.513236
925	1000.000000	-678.287250	612.349297	119461.726017	-0.001500	-0.003171	102.515030
926	1000.000000	-329.556572	-992.788283	122088.170045	0.000714	-0.005119	102.518682
927	1000.000000	261.993712	98.677318	125145.982629	0.000897	-0.001906	102.519503
928	1000.000000	-223.864502	-392.052384	151116.826142	-0.002991	-0.002050	150.417456
929	1000.000000	370.076118	119.568150	122355.300662	-0.000702	-0.000622	102.513903
930	1000.000000	-314.040041	-107.743109	121270.992391	0.000075	-0.003103	102.512139
931	1000.000000	1280.271653	268.022147	137963.434378	0.010831	-0.001264	131.976254
932	1000.000000	-375.181825	172.372471	122542.558491	-0.001142	0.001949	102.519972
933	1000.000000	511.931078	51.510049	120069.319273	-0.000751	0.000633	102.516139
934	1000.000000	-496.235092	-440.447160	120943.457842	-0.001275	0.000573	102.511922
935	1000.000000	611.942709	213.488848	118929.823909	0.000913	0.000663	102.513568
936	1000.000000	-433.512179	-89.162339	122560.637809	-0.000483	0.000996	102.516595
938	1000.000000	-490.438770	-387.793763	149470.547785	-0.003997	-0.001162	149.090878
937	1000.000000	-1045.581027	698.945606	122463.565376	-0.005487	0.000586	102.521825
939	1000.000000	-476.600086	18.304197	118835.722771	-0.006546	-0.003756	102.515880
940	1000.000000	689.619971	223.574052	121627.906492	0.000655	-0.002768	102.524234
941	1000.000000	-828.235268	-634.016195	121445.280585	-0.002597	-0.001705	102.512014
942	1000.000000	-358.033486	504.780917	149649.047666	-0.006780	0.003825	146.775471
943	1000.000000	-84.940733	-810.717881	143972.940228	0.000594	-0.000237	137.931612
944	1000.000000	660.078343	-392.896248	122055.900430	0.003420	-0.002801	102.515336
945	1000.000000	359.530069	-462.132728	121028.868191	0.000035	0.001557	102.511286
946	1000.000000	-1149.504065	-112.749810	120364.722599	-0.001355	0.001995	102.512325
947	1000.000000	-223.519214	-413.406885	121263.740690	0.002822	-0.002811	102.518020
948	1000.000000	-187.180827	-409.069007	121882.947629	-0.001263	-0.000299	102.512867
950	1000.000000	-665.243818	-423.460459	140923.249560	-0.002662	0.004021	133.548976
949	1000.000000	71.430385	-112.169584	121473.216395	-0.000838	0.002261	102.516117
951	1000.000000	-224.693779	347.519044	121883.909363	0.001388	0.000742	102.513775
952	1000.000000	-7.373969	97.573939	145964.799674	-0.003438	0.000454	141.011433
953	1000.000000	-45.286724	594.806080	139608.876936	0.002269	-0.001517	132.566415
954	1000.000000	141.434363	191.843602	142884.146853	-0.001061	-0.003876	140.230331
956	1000.000000	59.287212	114.909768	145338.956791	-0.002688	0.003312	142.850297
955	1000.000000	-327.548565	248.070421	121154.388406	-0.000495	-0.000100	102.514259
957	1000.000000	-88.334722	171.175421	123141.607897	-0.002730	0.002839	102.510393
958	1000.000000	-40.446012	429.383875	124035.718375	0.000251	-0.000180	102.521891
959	1000.000000	-1448.751557	-319.274416	120013.246815	-0.010620	-0.000367	102.509450
960	1000.000000	-146.395892	241.846324	124047.461561	0.001566	-0.000715	102.526062
961	1000.000000	183.518106	342.098311	122466.069470	0.001842	-0.000484	102.523141
962	1000.000000	743.348244	918.911999	123145.999325	0.001462	-0.001043	102.520334
963	1000.000000	505.892863	-54.505079	123098.689586	-0.000925	0.003610	102.529403
964	1000.000000	-726.581359	-913.348962	148534.585935	-0.005769	-0.003595	144.970982
966	1000.000000	347.703077	-504.903638	121660.247679	0.001048	-0.002582	102.514035
965	1000.000000	471.530386	-325.877619	119362.653312	0.001400	0.000809	102.510810
968	1000.000000	-481.326887	262.741569	137933.355375	-0.004169	0.001990	127.329650
967	1000.000000	246.839067	355.951504	121046.937768	-0.004021	-0.003271	102.514351
969	1000.000000	-1846.519219	161.437111	145141.268651	-0.100132	-0.002452	140.507790
970	1000.000000	756.777802	264.825408	119125.167443	-0.000629	-0.000218	102.513282
971	1000.000000	-116.047238	-306.886742	138419.193524	-0.002597	0.001964	132.339925
973	1000.000000	-35.249475	697.443872	142193.454866	-0.002080	-0.000753	140.641638
972	1000.000000	867.639222	536.298990	124477.574591	0.005902	0.001761	102.517843
974	1000.000000	1730.498701	-12.433511	118902.024255	0.041433	0.001251	102.507876
975	1000.000000	198.302313	-769.775348	120320.995182	0.000615	-0.002943	102.518436
977	1000.000000	903.757006	184.580670	123033.752659	0.011814	-0.000033	102.518251
976	1000.000000	-905.185490	21.620768	120700.350268	-0.002117	0.001431	102.513033
978	1000.000000	-61.632277	173.971470	123006.911287	0.002428	0.003565	102.510524
980	1000.000000	-526.479858	96.101671	120882.208186	0.001528	0.001565	102.513486
979	1000.000000	-248.213144	62.610573	122089.716594	-0.002768	-0.003525	102.520203
981	1000.000000	-191.506862	-468.100027	120202.349143	0.000070	0.000240	102.515049
982	1000.000000	-340.290054	328.405479	147658.180442	-0.004009	-0.003335	146.766097
985	1000.000000	-86.923908	212.961643	122514.608766	-0.002022	-0.001934	102.510841
983	1000.000000	-576.518939	672.978366	119461.360100	-0.003384	-0.002713	102.515074
986	1000.000000	-871.423675	1233.001440	145088.352061	-0.006754	0.003559	143.384473
984	1000.000000	466.724245	94.954655	121403.786564	-0.001055	-0.001296	102.514622
990	1000.000000	-55.361044	491.350814	145293.722695	0.002372	0.001732	143.071428
987	1000.000000	-1009.812267	480.783471	123713.116387	-0.006399	0.000520	102.523313
988	1000.000000	61.076248	-698.420017	122494.495938	-0.000156	0.002109	102.516856
989	1000.000000	-170.972701	127.195206	123357.685978	-0.002349	-0.000725	102.515658
991	1000.000000	827.492540	526.351983	144513.640607	0.002827	-0.000856	139.364751
992	1000.000000	-880.628030	-734.448909	140885.476121	-0.000631	0.002015	136.851106
994	1000.000000	190.856914	640.294001	122645.940658	0.001285	-0.001008	102.534151
993	1000.000000	345.065607	-47.082562	120994.004919	0.000619	0.000919	102.514789
995	1000.000000	162.698893	-32.222090	145618.069597	-0.003079	-0.000465	142.362025
996	1000.000000	-124.829177	-150.439974	140638.869823	0.000886	-0.001662	135.100716
997	1000.000000	1087.466564	-33.825261	144096.490022	0.008899	-0.003218	142.970707
998	1000.000000	-200.441421	533.306918	145338.687808	-0.005106	-0.001676	144.388343
999	1000.000000	92.867377	-878.129177	122441.935193	-0.003069	0.000805	102.519265
