#name 	 time 	 x 	 y 	 z 	 vx 	 vy 	 vz 
0	1000.000000	244.489033	259.207003	149835.923678	-0.003318	0.003924	146.796671
3	1000.000000	879.375082	846.399342	121879.749052	0.004254	0.001176	102.525408
1	1000.000000	-64.395359	205.829857	119120.715385	-0.002810	-0.000547	102.513746
2	1000.000000	474.916640	42.327239	119470.871652	-0.002543	-0.000930	102.509627
4	1000.000000	-501.086801	-456.920885	139860.799859	-0.001393	-0.001300	136.087344
6	1000.000000	-523.037628	-79.836415	148720.485056	0.002964	0.001150	145.756031
7	1000.000000	-146.728006	-395.743103	148132.980554	-0.000541	0.000550	145.394863
5	1000.000000	1046.171363	63.341137	121582.923623	0.008822	0.002029	102.515444
10	1000.000000	988.224713	-330.719756	149620.937872	0.012090	0.000691	147.108114
8	1000.000000	-360.858051	627.389059	147751.222838	-0.000838	-0.002526	146.275938
9	1000.000000	-85.341109	-447.605331	120091.867685	-0.003479	0.000771	102.517078
11	1000.000000	146.740016	-315.078912	125819.421411	0.003412	-0.000758	102.542682
12	1000.000000	-165.154229	463.540385	139550.284652	-0.000047	-0.000528	132.726261
13	1000.000000	-1251.452461	680.603360	120360.615057	-0.003455	0.000098	102.516191
14	1000.000000	310.473401	-41.622479	121242.868717	0.000161	0.002257	102.510824
15	1000.000000	302.931111	-227.877701	122768.613668	0.001506	-0.001570	102.515767
16	1000.000000	-71.041032	584.371679	121605.459582	0.001606	-0.000059	102.514089
17	1000.000000	-894.210092	305.385217	144548.920928	-0.007776	-0.000275	138.794699
18	1000.000000	788.083300	949.953368	141041.572911	0.004633	0.002068	137.512734
19	1000.000000	80.659658	-611.023162	119371.416548	0.000517	-0.000631	102.515106
21	1000.000000	-310.576531	-380.081143	146640.069808	-0.004123	0.001057	145.271246
20	1000.000000	-1416.602487	-441.461629	120027.097939	-0.008121	0.001001	102.512356
22	1000.000000	296.018962	981.429690	123324.452450	0.002250	0.002652	102.512840
23	1000.000000	213.443486	-108.921426	124943.792554	-0.000695	0.000401	102.520115
24	1000.000000	1436.358029	1365.805500	121319.586916	0.006913	-0.000203	102.516848
25	1000.000000	-784.105669	-74.638922	122849.957471	-0.003527	-0.002145	102.516411
26	1000.000000	-640.860317	-728.153050	123188.715345	-0.002542	-0.001592	102.510738
27	1000.000000	464.252039	-335.992595	121098.973955	-0.003153	-0.000377	102.512257
28	1000.000000	780.494116	-58.446378	150108.788555	0.005928	-0.001078	147.896351
29	1000.000000	353.758553	475.747231	121339.042467	-0.000403	0.002619	102.509194
30	1000.000000	675.436390	40.643388	122088.672659	0.004565	-0.002296	102.516839
31	1000.000000	-356.370849	1025.564272	145320.148593	-0.002531	0.001628	143.980899
33	1000.000000	70.841877	540.245965	146476.291088	0.003909	0.003389	144.325323
32	1000.000000	457.979102	-271.986422	120044.837025	0.001319	-0.000124	102.516367
35	1000.000000	-557.309139	-670.183217	149744.322438	-0.007500	-0.000560	147.925916
34	1000.000000	1176.006224	628.076514	125769.592966	0.000801	0.001285	102.527086
36	1000.000000	-45.839688	16.138285	142429.267900	0.000290	0.000442	138.211568
37	1000.000000	-288.554513	173.549709	154109.953859	-0.002764	0.001718	151.504952
38	1000.000000	372.464248	-254.493968	142367.853175	-0.001316	-0.002083	136.081560
39	1000.000000	494.549752	-407.298029	143354.569208	0.000918	0.002018	138.805913
40	1000.000000	-50.249373	-512.625369	120848.344103	-0.000569	-0.000335	102.509621
41	1000.000000	36.276511	-1407.874657	123483.453121	-0.001137	-0.003867	102.514094
42	1000.000000	-704.942491	271.574062	123319.955681	-0.007718	-0.002082	102.517973
43	1000.000000	-1324.656297	371.959866	122587.237775	-0.007614	-0.002151	102.509963
44	1000.000000	-1042.895375	-309.113003	121559.069182	0.001073	0.000154	102.522195
47	1000.000000	556.310156	-873.540359	143551.114834	-0.003049	-0.002208	140.298595
46	1000.000000	941.493330	324.192118	120388.846374	0.005482	0.001281	102.514906
45	1000.000000	243.266851	740.795988	119760.416529	-0.001312	0.001178	102.514905
48	1000.000000	-607.883792	411.273359	142114.602448	-0.003240	-0.000702	137.996695
49	1000.000000	107.508534	-624.649217	122223.673932	-0.004085	0.003381	102.509629
50	1000.000000	494.112567	375.224973	119480.934186	-0.000347	0.002304	102.512542
51	1000.000000	-411.420381	97.849744	138417.841007	0.000322	0.002841	131.423476
52	1000.000000	-970.027914	795.617213	120161.434181	0.000812	0.000469	102.512945
53	1000.000000	-25.160116	266.823573	145361.038822	0.002318	-0.000512	142.744040
55	1000.000000	-558.398964	44.993685	143961.185489	-0.000931	0.000816	142.284519
54	1000.000000	-37.863039	40.988403	125510.973071	0.000927	-0.000388	102.528393
56	1000.000000	-49.966737	273.080439	123329.362208	-0.000507	-0.001201	102.521454
57	1000.000000	96.991322	414.853060	121162.623052	-0.001402	-0.000201	102.513721
59	1000.000000	-49.336309	446.355401	121189.884889	-0.001932	0.001504	102.512070
58	1000.000000	-895.749181	806.495884	119591.643609	-0.005470	-0.004300	102.511343
60	1000.000000	7.500199	258.966974	149474.851664	-0.000719	0.002424	146.915857
61	1000.000000	-123.673803	-6.117018	121277.466219	-0.002583	0.003055	102.513464
62	1000.000000	657.947459	66.922711	122510.200021	0.000596	0.002879	102.513556
63	1000.000000	739.211251	-864.302849	118493.279562	0.000747	0.003136	102.515207
64	1000.000000	-70.225130	1013.078877	119614.017294	-0.001299	-0.000218	102.514919
65	1000.000000	-951.744089	483.818066	145430.243036	-0.012291	-0.005425	142.798240
66	1000.000000	39.223373	-325.687879	139464.442490	0.001496	-0.003216	132.583359
67	1000.000000	49.391220	-756.125002	144413.449125	0.002406	0.003498	143.326145
68	1000.000000	378.355840	-232.622332	145885.448558	-0.001596	0.006453	143.732059
69	1000.000000	151.686502	-370.002286	119989.961823	0.000941	-0.001001	102.515378
71	1000.000000	929.662567	-496.628459	141991.492841	0.006998	0.000165	139.978825
70	1000.000000	820.678839	-288.314123	119535.502463	0.002305	0.001180	102.509446
72	1000.000000	334.755120	217.213171	123505.297161	0.000770	-0.000810	102.522279
73	1000.000000	276.465298	1190.480203	142064.130286	0.000563	0.005456	139.469479
75	1000.000000	769.811795	-845.570988	121947.650685	0.008241	0.000387	102.516092
74	1000.000000	225.264824	-55.525914	120758.009399	-0.000916	-0.000830	102.511766
77	1000.000000	543.584458	396.568872	150297.914116	0.001415	0.001043	149.598924
76	1000.000000	294.322916	-393.492256	120895.060160	0.006810	0.001638	102.510926
78	1000.000000	-116.052373	510.757132	122954.267728	-0.000508	0.002817	102.527528
79	1000.000000	13.561300	-39.471871	144778.157932	0.001330	-0.000622	141.473113
80	1000.000000	700.138685	-849.264979	122680.890410	0.003917	0.000813	102.514948
81	1000.000000	-482.395110	-26.134803	122621.978506	0.000290	0.001036	102.511153
82	1000.000000	-452.832712	101.957041	123835.679128	-0.004829	-0.000598	102.521476
83	1000.000000	-975.639098	-606.937584	119657.594388	0.000124	-0.006251	102.512569
84	1000.000000	-436.708422	736.994913	149710.091461	-0.003852	0.000015	149.337353
85	1000.000000	526.606727	688.241589	146031.676420	0.003557	0.004362	142.029958
86	1000.000000	157.921753	500.947574	121313.158312	0.003942	0.001562	102.516363
87	1000.000000	-692.136502	-500.017301	121120.320776	0.004486	0.000766	102.510800
88	1000.000000	344.391710	372.237874	120118.518014	0.002624	-0.000607	102.511906
89	1000.000000	-433.578256	1097.258368	143498.985247	-0.000442	0.003551	142.415217
90	1000.000000	-344.617284	-227.498227	120425.710926	-0.000618	0.000073	102.515986
92	1000.000000	664.122159	455.406103	149227.398183	0.000326	0.001755	147.198595
91	1000.000000	376.134130	449.891589	123722.945808	-0.002266	0.000954	102.522072
93	1000.000000	-604.516670	6.691563	119544.986331	0.001687	-0.000046	102.515142
94	1000.000000	-1100.026280	-1535.727584	123391.256649	-0.012301	-0.004621	102.526715
95	1000.000000	364.789891	-1178.720929	120072.154189	0.000993	0.000177	102.517162
97	1000.000000	-321.500501	-235.988507	120020.385546	-0.001906	0.001309	102.516578
96	1000.000000	129.600698	332.173474	121097.132032	0.004555	-0.000668	102.521390
98	1000.000000	-123.368860	-257.816865	119170.324145	0.001996	0.001432	102.516548
99	1000.000000	241.752306	353.603641	120485.965191	-0.000279	-0.002116	102.511685
100	1000.000000	466.404161	-76.419318	126105.514844	-0.002304	-0.001701	102.545413
101	1000.000000	-1011.043020	276.028874	120147.464954	-0.004054	0.003342	102.514136
103	1000.000000	201.089036	533.721987	150652.797678	0.000223	0.001472	147.461727
102	1000.000000	42.863364	-681.333081	122351.633673	0.001104	0.000609	102.511827
104	1000.000000	596.664556	-1075.690870	119901.950049	0.002385	-0.002033	102.520462
105	1000.000000	687.077862	-51.797734	123569.922310	-0.000243	-0.002102	102.524602
106	1000.000000	614.306307	909.491642	121865.340281	0.003403	0.004208	102.511752
107	1000.000000	-493.750644	660.765879	121868.662945	0.002489	-0.000846	102.514019
108	1000.000000	-101.794392	1248.064726	121891.593439	-0.001958	0.007659	102.512106
109	1000.000000	610.831396	-11.880006	121961.962381	0.001168	-0.001813	102.518675
110	1000.000000	-52.307389	-512.650958	151422.076249	-0.001462	-0.001646	150.078721
111	1000.000000	-353.073747	-1115.582077	121802.273304	-0.002706	0.000856	102.513033
112	1000.000000	-403.602716	-1169.225879	121447.505285	0.000306	0.002086	102.511628
113	1000.000000	107.656884	560.561086	121696.821747	-0.000963	0.002319	102.524564
114	1000.000000	428.530361	-59.684031	120845.614128	0.000035	-0.000118	102.514204
115	1000.000000	-640.903419	-615.408307	119326.318608	-0.000090	0.000076	102.517978
116	1000.000000	-244.622437	683.282307	122236.990864	-0.003390	-0.000895	102.513665
117	1000.000000	964.156673	-737.334034	121293.688526	0.003834	-0.002058	102.515690
118	1000.000000	220.070296	165.714889	121033.446267	0.005337	-0.000681	102.511167
119	1000.000000	999.672489	-567.433291	121390.945088	0.001926	0.001362	102.522240
120	1000.000000	1333.178856	92.446536	121823.879609	0.017602	0.000464	102.514412
122	1000.000000	97.045496	51.493527	118946.092440	0.004220	-0.001749	102.514196
121	1000.000000	-106.080816	613.772686	118621.714327	-0.002824	-0.000560	102.515031
123	1000.000000	-331.942955	87.622475	146205.610724	-0.002879	-0.001120	141.049569
124	1000.000000	128.123913	413.526492	120371.429888	-0.003867	0.001246	102.511957
126	1000.000000	-923.409867	894.402406	138071.152850	-0.001894	0.002735	132.082353
125	1000.000000	791.772476	-232.886279	123373.062337	0.002152	0.000214	102.517412
127	1000.000000	-185.185342	85.908563	120443.383541	-0.001872	0.002447	102.516729
128	1000.000000	86.547045	344.848895	151010.102934	0.002098	-0.002635	147.534296
131	1000.000000	-330.469085	244.648901	149799.125509	-0.005621	0.003397	149.187912
130	1000.000000	599.090227	-353.067486	119747.140028	-0.001668	0.002579	102.509308
129	1000.000000	-416.726355	-811.191208	120987.368777	0.001179	-0.001346	102.511440
132	1000.000000	-51.994950	-113.805286	120268.686737	-0.000284	0.000374	102.522390
133	1000.000000	180.798435	590.469944	119641.444009	-0.003058	0.000400	102.514489
134	1000.000000	-791.004618	418.048166	121337.305162	-0.004123	-0.002578	102.523342
135	1000.000000	-227.517454	-786.362172	121151.368393	0.004154	-0.002607	102.514027
136	1000.000000	515.930195	762.276712	147956.706959	0.002846	-0.000324	146.003047
137	1000.000000	-73.290484	-438.635238	122391.207585	0.002813	-0.004197	102.510102
138	1000.000000	869.407946	-980.412061	123057.221138	0.007502	0.001289	102.517477
140	1000.000000	-366.891509	118.072554	145593.127247	-0.002475	0.000718	142.102987
139	1000.000000	-322.719697	-234.029566	122456.308745	0.000982	0.001438	102.519569
141	1000.000000	-195.182497	212.777134	124927.200916	-0.005054	0.001631	102.523482
142	1000.000000	974.906184	-503.674083	120461.388868	0.000228	-0.004136	102.513419
144	1000.000000	422.196143	215.180621	143466.936792	0.005593	-0.000930	142.189085
143	1000.000000	-847.878729	-609.603591	118323.745895	0.002477	-0.002008	102.509438
145	1000.000000	620.386122	-219.482770	118711.773408	0.004505	-0.001569	102.512515
148	1000.000000	338.707178	375.039402	147764.640489	0.004897	-0.004913	143.755546
146	1000.000000	-228.472025	-147.224969	122256.389010	0.001881	0.000696	102.518184
147	1000.000000	884.454348	-477.520369	121771.059695	-0.000556	-0.000995	102.520992
150	1000.000000	568.100283	-929.405935	121805.229133	0.000565	-0.001141	102.516011
149	1000.000000	186.872005	-399.553673	122101.390954	-0.001047	-0.001786	102.513773
151	1000.000000	396.177424	-40.830235	121573.938936	-0.002327	0.002187	102.515296
152	1000.000000	278.735968	-389.215450	125763.964450	-0.000940	-0.001679	102.524704
154	1000.000000	319.772446	-548.703345	147366.167891	0.001941	-0.000284	146.792651
153	1000.000000	-103.809653	-586.870482	138649.586096	-0.000813	-0.002865	131.016499
155	1000.000000	125.320478	-5.576991	121212.247934	-0.004351	-0.003140	102.520118
156	1000.000000	761.929293	36.879279	145350.406824	0.009136	0.000866	141.509768
158	1000.000000	-649.308114	-940.026988	150880.682694	-0.002256	-0.008239	147.529020
157	1000.000000	-361.730152	-419.159150	119835.871077	-0.001953	-0.001070	102.512469
159	1000.000000	-140.964809	-920.101014	147039.102812	-0.002258	-0.001950	144.598846
160	1000.000000	641.170372	-69.017240	121435.833485	0.003815	0.004190	102.517182
161	1000.000000	-283.833728	140.842883	148617.809180	0.001848	-0.001249	144.442257
162	1000.000000	-274.519889	426.866899	119817.290276	-0.003897	-0.002681	102.513005
163	1000.000000	-72.687975	-0.461481	120537.789942	-0.002251	0.002596	102.512692
164	1000.000000	-148.761412	-591.992241	139117.145257	-0.001161	0.000979	135.692936
165	1000.000000	-137.676823	3.641516	145790.610896	0.004408	0.002097	144.243302
167	1000.000000	-213.375448	640.730938	145485.591428	-0.005562	0.001282	141.923587
166	1000.000000	-175.263197	-1110.305818	121123.832138	-0.004682	-0.000352	102.514738
168	1000.000000	-12.317432	-649.758993	120044.542861	-0.001069	-0.000393	102.513023
169	1000.000000	-237.121404	422.636364	137869.644246	0.001155	-0.000450	132.633836
170	1000.000000	717.191234	3.385743	120803.399503	0.003215	0.001068	102.515828
171	1000.000000	494.535430	88.050507	122404.634114	0.006988	-0.003373	102.512398
173	1000.000000	260.411432	-469.286150	145773.405643	-0.000907	0.001169	140.803386
172	1000.000000	63.469471	993.615668	120991.594564	0.000635	0.000565	102.516233
174	1000.000000	-233.601654	31.702808	149814.031892	0.000724	0.000121	147.317598
175	1000.000000	-1155.488102	101.948957	120606.434316	-0.006159	-0.003326	102.513939
176	1000.000000	-811.167474	187.700256	122134.276723	-0.006082	0.003761	102.512065
177	1000.000000	-124.559709	-594.559843	144026.874809	0.000664	-0.002324	139.228234
178	1000.000000	72.437518	-408.921917	146359.353281	-0.002511	0.002175	144.682808
179	1000.000000	983.633623	609.825313	121679.448075	0.007559	-0.003240	102.513215
180	1000.000000	839.182291	-477.452451	122699.979280	0.010038	-0.002407	102.513080
182	1000.000000	-256.835206	360.939762	144736.142221	-0.005991	-0.001798	140.684376
181	1000.000000	-359.090004	248.269808	119880.407272	0.000473	-0.001636	102.509438
183	1000.000000	-511.350674	137.373844	118972.722976	-0.001268	-0.002966	102.517403
184	1000.000000	-337.587848	433.838823	120389.551636	0.007379	0.000690	102.512371
185	1000.000000	-356.674095	928.904808	119767.023210	-0.002406	0.001639	102.512800
186	1000.000000	96.160279	289.436386	121318.800125	0.000563	0.002672	102.514271
187	1000.000000	-242.167269	-186.428426	121442.926209	-0.000597	-0.001470	102.521976
188	1000.000000	779.096889	-337.222007	122810.199726	0.000388	0.002046	102.517159
189	1000.000000	44.442046	447.258182	120810.323922	-0.000061	0.001935	102.517845
190	1000.000000	266.100965	192.103965	121302.720343	-0.003498	-0.002893	102.514737
191	1000.000000	-145.462990	795.463884	121164.765978	0.003749	-0.001053	102.519560
192	1000.000000	-201.505346	596.708917	147274.239233	-0.000797	-0.000926	143.421592
193	1000.000000	-591.998481	72.213858	120540.925885	0.002078	0.001082	102.516635
194	1000.000000	-455.556187	141.166500	148119.135792	-0.002682	-0.003404	143.953498
195	1000.000000	-301.628161	19.488327	151611.427603	-0.002956	-0.001952	148.077049
196	1000.000000	23.657159	477.778611	149385.881033	0.001979	0.001228	146.604787
198	1000.000000	-864.875562	-24.153872	144621.287458	-0.003294	0.000042	140.253137
197	1000.000000	1062.356234	295.621163	120726.984234	0.003585	0.002606	102.511471
199	1000.000000	-20.194716	-429.430209	124613.928438	-0.000015	0.000953	102.528265
200	1000.000000	215.866356	60.662064	122630.068759	-0.003437	-0.001353	102.510065
202	1000.000000	198.544643	-356.602821	141524.884421	0.003596	0.004286	138.278250
201	1000.000000	-144.108663	-234.449513	119766.750673	0.002474	-0.000885	102.519960
203	1000.000000	19.901832	-429.789135	144647.378948	0.001184	0.001161	143.944161
204	1000.000000	-86.639530	-33.758693	120343.997659	0.002489	-0.001364	102.514791
205	1000.000000	-608.764671	681.120192	146874.581795	-0.002450	-0.001433	142.156778
206	1000.000000	-134.045950	625.402096	129550.254748	0.001208	0.001120	102.645862
207	1000.000000	158.331500	91.752664	126582.335244	0.003250	0.000078	102.620606
208	1000.000000	258.420765	-971.066497	121835.627924	-0.000898	-0.000843	102.516470
209	1000.000000	-1140.500460	-246.580589	123663.425951	-0.010165	-0.001629	102.516544
210	1000.000000	111.598506	-1136.957477	122636.213676	-0.002262	-0.003560	102.516867
211	1000.000000	-119.630474	153.957819	141206.538998	0.003702	-0.001955	133.588176
212	1000.000000	-504.597216	-586.975443	119262.286007	0.000834	-0.000980	102.517358
213	1000.000000	-836.483530	-766.373167	122223.678261	0.002111	-0.004339	102.510957
215	1000.000000	-479.334225	-511.416475	137989.792656	-0.000589	0.002123	133.249203
214	1000.000000	971.174612	-184.133527	118357.952819	0.002286	0.000621	102.510446
216	1000.000000	411.303868	552.942490	122478.832844	-0.000806	0.001077	102.528546
217	1000.000000	-822.334523	-528.660386	119052.622700	-0.001632	-0.002436	102.518674
218	1000.000000	278.420787	-306.063118	137441.655829	0.002607	-0.001805	126.526141
219	1000.000000	-305.542131	-972.457586	122636.617725	-0.003011	0.000314	102.519398
220	1000.000000	244.958866	121.600777	120221.892648	0.001426	0.000643	102.516529
221	1000.000000	204.548819	-814.616351	120817.569966	0.000768	-0.001115	102.516011
222	1000.000000	486.533528	-649.629667	118401.295787	0.000578	-0.004831	102.506718
223	1000.000000	-157.765862	605.078351	136004.197431	-0.000311	0.001629	126.814224
224	1000.000000	326.159822	133.832401	141849.471783	0.002121	0.002831	137.161434
225	1000.000000	339.253998	-155.401407	121621.428222	-0.001100	-0.003184	102.510822
226	1000.000000	-576.283487	782.394219	121237.668749	-0.002076	-0.002026	102.512781
227	1000.000000	-1450.468871	488.222128	147472.386808	-0.023249	-0.003070	144.461261
228	1000.000000	40.515380	-352.812638	146729.960922	-0.000931	0.002426	141.902014
229	1000.000000	-15.371415	256.545580	122050.971135	0.001411	0.001336	102.514933
230	1000.000000	-559.200651	94.869528	137935.352655	0.000901	-0.002006	125.788418
231	1000.000000	27.391255	790.599302	121428.181430	0.000967	0.002150	102.526984
232	1000.000000	158.477593	-461.318042	122949.915137	-0.002082	0.001461	102.516840
233	1000.000000	-955.800347	611.106943	147015.823300	-0.008890	0.001704	143.460814
234	1000.000000	394.372156	-366.880919	145945.075706	0.002382	-0.001902	144.737092
235	1000.000000	519.448214	439.764384	119639.638390	-0.002582	-0.000438	102.517272
236	1000.000000	-215.737788	-601.894466	120552.320650	0.000163	0.002057	102.521285
238	1000.000000	213.585343	55.554109	150762.485012	-0.000578	0.000710	146.866103
237	1000.000000	451.271540	486.625368	120289.461879	-0.000038	0.001011	102.511422
239	1000.000000	24.288050	313.192720	143328.988763	-0.001682	0.000261	137.249828
240	1000.000000	328.939321	461.400643	120820.133947	0.004569	0.000710	102.512908
241	1000.000000	87.228176	-804.639221	120082.891520	-0.001426	0.000629	102.521960
242	1000.000000	527.623454	550.879141	123500.517245	-0.001067	0.000448	102.513627
244	1000.000000	533.611328	-326.650936	139809.727437	0.002850	-0.004321	134.331890
243	1000.000000	-396.344497	471.995102	121598.209285	-0.000774	0.002835	102.518786
245	1000.000000	-557.245095	-348.996669	148189.791445	-0.006250	-0.000756	146.939837
246	1000.000000	-370.454143	-180.726413	145030.345113	-0.001016	0.002101	143.215610
248	1000.000000	-142.104755	-3.989556	145751.763624	-0.004570	-0.000165	145.312159
249	1000.000000	1299.907581	-76.074201	146117.912381	0.029837	-0.005001	143.784256
247	1000.000000	-1022.891863	-699.929338	121938.262242	-0.004859	0.001261	102.516988
250	1000.000000	-694.649970	-400.790878	121213.395753	-0.001620	-0.001214	102.515699
252	1000.000000	-318.480288	103.679711	143932.772162	-0.000900	-0.006122	139.001715
251	1000.000000	123.861961	-480.571201	123782.998234	0.000004	-0.001501	102.516418
253	1000.000000	765.391529	459.759039	118807.315740	0.003735	0.000528	102.511443
254	1000.000000	245.112175	52.740223	120241.413662	-0.000988	0.002341	102.513755
255	1000.000000	-129.592021	97.211492	122217.761568	0.002259	-0.003160	102.516788
256	1000.000000	374.982036	-736.741558	120997.819909	0.002395	-0.002368	102.520256
257	1000.000000	72.410297	-142.078735	121802.918801	-0.000915	0.003125	102.517401
258	1000.000000	1708.659862	-211.152144	124108.952613	0.040079	0.000771	102.522354
259	1000.000000	-576.845673	80.876730	122377.301703	0.000125	-0.000418	102.518134
261	1000.000000	354.305680	-1239.674252	141768.071121	-0.001747	-0.001900	136.210964
260	1000.000000	898.542306	490.497459	123107.915399	0.001330	-0.000750	102.516155
262	1000.000000	-32.369068	765.297391	143386.118428	0.007254	0.003383	140.970507
263	1000.000000	14.916455	-15.187378	118501.329693	0.005762	-0.001190	102.514115
264	1000.000000	628.378617	396.694082	121600.533217	0.002517	-0.000287	102.517613
265	1000.000000	1088.117670	-560.583582	149391.836609	0.007803	-0.002225	146.964387
266	1000.000000	257.490322	-231.077218	122497.529575	-0.002275	0.001543	102.517518
268	1000.000000	354.133766	370.553772	138389.102362	0.000172	0.000372	131.450414
267	1000.000000	-275.793602	382.909047	121689.412867	0.002582	-0.000656	102.512244
269	1000.000000	463.113552	-167.986611	120036.093553	0.003490	-0.000373	102.512199
270	1000.000000	414.955218	747.250462	120982.412201	0.002426	0.001745	102.514536
271	1000.000000	192.731056	-57.393331	144942.683286	0.001593	-0.003262	144.483159
273	1000.000000	239.575400	-43.633375	147769.927016	0.000717	-0.003841	144.677996
272	1000.000000	-73.882711	599.181058	119081.985731	-0.001308	0.000493	102.518062
274	1000.000000	-170.074400	0.117094	146231.448680	0.003027	-0.006668	143.699268
275	1000.000000	344.811608	-689.013498	148182.402832	0.000019	0.002083	146.920027
276	1000.000000	875.120143	707.569039	147610.011563	0.007713	-0.000726	147.084479
277	1000.000000	-421.012774	38.988232	121894.809172	-0.004182	0.003356	102.512035
278	1000.000000	-225.710671	-332.920424	121959.556637	-0.000548	-0.001058	102.518702
279	1000.000000	374.982741	-211.493787	118957.437488	0.000929	0.001584	102.512293
280	1000.000000	-64.584804	282.668259	146744.051408	-0.000378	-0.002918	142.501250
281	1000.000000	884.750566	-88.200981	144486.944903	0.001579	-0.002769	142.053071
282	1000.000000	-51.651219	-111.248421	144194.601982	-0.001249	0.005303	138.880494
283	1000.000000	-448.367982	-169.305790	121080.291603	-0.003649	-0.002591	102.523130
284	1000.000000	247.800068	-278.648003	141582.260545	-0.002111	0.004159	137.752610
286	1000.000000	656.382094	-736.607885	141647.779948	0.001645	-0.004402	135.266980
285	1000.000000	-317.492353	-68.399429	119338.065957	-0.000634	-0.001577	102.508609
287	1000.000000	307.083152	-1792.366116	144042.837528	-0.001769	-0.010366	142.462905
288	1000.000000	1125.721840	-238.414769	148974.536163	0.002975	-0.001924	144.966236
289	1000.000000	-445.590717	-567.252210	123523.022447	-0.000815	-0.000810	102.515715
290	1000.000000	94.079351	-645.497549	119452.024507	0.001888	-0.001690	102.512697
291	1000.000000	67.816896	690.683855	120281.644321	0.000431	0.000916	102.509258
292	1000.000000	668.069205	-341.211662	120287.352870	-0.001174	0.000404	102.514920
293	1000.000000	-524.716073	864.836857	142541.489727	-0.000904	-0.001250	139.280543
294	1000.000000	-810.367197	175.417984	120495.158676	-0.004469	0.001357	102.512243
295	1000.000000	-1003.707148	-168.076915	122467.926698	-0.007850	0.000713	102.522140
296	1000.000000	-26.624323	-546.877278	127245.825302	0.003750	-0.004733	102.563835
297	1000.000000	838.859267	-432.149925	122139.751163	0.003905	0.000847	102.518561
298	1000.000000	49.707003	409.733365	123020.206079	-0.003369	0.002801	102.515297
299	1000.000000	-359.733233	431.846297	150348.570013	0.000640	0.001155	150.503104
300	1000.000000	951.460066	-130.575752	151939.014422	0.002987	0.002827	149.627345
301	1000.000000	-697.980239	375.710382	125413.812112	-0.003963	0.000050	102.539320
302	1000.000000	-61.725221	-332.268983	118475.783662	0.002190	-0.003489	102.516993
303	1000.000000	-386.755177	-16.771284	142905.061095	0.000065	-0.001312	140.797592
305	1000.000000	-37.591514	36.596852	139209.391043	0.000509	-0.001819	132.408044
304	1000.000000	134.000059	627.409767	118342.046068	0.002733	0.003326	102.515865
306	1000.000000	712.527824	147.726012	121184.779706	0.002514	-0.003586	102.518360
307	1000.000000	-671.963267	-1278.464093	119304.011559	-0.004237	-0.004906	102.513513
308	1000.000000	1139.357627	315.747130	119430.893623	0.001621	0.002437	102.513274
309	1000.000000	162.218965	-540.854337	139678.660287	-0.001001	-0.003283	132.277088
311	1000.000000	-394.105445	299.706422	144375.164188	-0.000041	0.000544	141.221120
310	1000.000000	-169.168408	-224.020331	121663.170197	0.000837	0.000652	102.516054
312	1000.000000	202.578348	184.749282	120944.632592	0.002063	0.001543	102.513413
313	1000.000000	-599.232815	-281.188670	122592.240476	-0.003629	0.001354	102.517774
314	1000.000000	403.653689	19.755953	137747.276449	-0.000566	0.000357	129.124120
315	1000.000000	108.785671	-247.358016	122742.635680	0.003072	-0.001805	102.515330
316	1000.000000	287.953741	-100.176239	122163.370854	-0.002358	0.002925	102.521762
317	1000.000000	-106.698395	550.057412	122066.114557	-0.003243	0.001451	102.512651
318	1000.000000	135.160729	577.903805	119853.780100	-0.001432	0.000790	102.509365
319	1000.000000	-534.903498	1189.145697	120561.384704	-0.000217	-0.003264	102.513996
320	1000.000000	455.486287	572.814210	141038.795648	-0.000430	-0.002468	139.231078
321	1000.000000	386.228404	87.534167	119092.214218	0.002571	-0.004054	102.519250
322	1000.000000	-82.810522	-838.542130	126109.717932	-0.001274	0.003627	102.538708
323	1000.000000	-394.242727	837.413922	120751.658787	0.000362	0.005078	102.521276
324	1000.000000	-179.534940	-499.430692	145766.418505	0.001516	-0.000883	144.774168
326	1000.000000	-427.229843	438.945972	151066.224309	0.000655	0.002342	149.123189
325	1000.000000	114.998767	-719.303402	120449.272713	0.002661	0.002335	102.516213
327	1000.000000	345.381227	-527.276506	144642.942059	0.005602	0.001861	141.313894
328	1000.000000	275.357024	498.416689	142658.584091	0.003630	0.002341	139.727891
329	1000.000000	-328.872819	-104.064744	121645.377415	0.001721	-0.004596	102.514175
331	1000.000000	456.794747	-871.020228	121240.468598	0.000617	-0.000165	102.514550
330	1000.000000	-682.090513	-206.406714	124414.423704	-0.004212	0.003466	102.521047
332	1000.000000	438.255945	-357.842960	119673.665479	0.001502	-0.000177	102.509409
333	1000.000000	578.034415	616.778213	121948.322125	-0.000383	0.001237	102.523640
335	1000.000000	-524.049428	147.119950	151767.814037	-0.003033	0.000381	148.947792
334	1000.000000	632.229921	-167.294339	118609.155765	0.001938	0.001366	102.512654
336	1000.000000	27.799007	897.741720	121953.811778	0.001598	-0.000470	102.514300
337	1000.000000	1345.518567	-595.748895	121866.212264	0.029793	0.002004	102.522451
338	1000.000000	283.367456	463.813469	145677.635389	0.003956	-0.002820	141.777316
339	1000.000000	-106.548916	171.744008	122692.510447	0.002562	0.000338	102.517821
340	1000.000000	171.833239	-127.888776	121459.312862	0.000317	0.002024	102.519600
341	1000.000000	840.111077	-68.581608	121223.769633	0.006560	0.001384	102.512708
342	1000.000000	543.019142	396.357890	123212.568568	0.001248	-0.002553	102.520825
343	1000.000000	-468.929612	15.460985	123977.282728	-0.002341	0.002494	102.518874
344	1000.000000	607.283939	-347.265308	125920.380753	-0.000521	-0.000279	102.577330
345	1000.000000	177.846701	-711.699630	119254.230104	0.001482	-0.004277	102.512940
346	1000.000000	293.086815	612.695311	143866.647564	0.003023	-0.001363	137.940955
347	1000.000000	44.157501	-1230.886296	143338.340086	-0.002638	-0.001836	142.059954
348	1000.000000	144.440399	833.689183	120599.782542	0.003119	0.000192	102.514348
349	1000.000000	-343.294443	-1.513141	118464.570102	-0.003063	0.002468	102.513626
350	1000.000000	-101.227740	-1243.043485	121405.154333	0.000990	-0.001483	102.516214
351	1000.000000	70.042276	-300.967153	119964.063901	-0.003468	-0.001539	102.518380
352	1000.000000	1.659965	-464.066390	119394.724879	0.002675	-0.000893	102.511401
353	1000.000000	-750.345791	-315.859088	119587.278254	-0.001293	0.001368	102.516059
355	1000.000000	110.412295	230.709787	143385.283299	0.000292	-0.000930	141.883236
354	1000.000000	478.716557	-1057.220899	128675.949303	0.000168	-0.000323	102.699554
356	1000.000000	374.947615	743.858875	143375.317566	-0.001641	-0.001665	140.426161
359	1000.000000	590.125714	-251.389677	143686.045155	0.006967	-0.004178	138.452056
358	1000.000000	44.453130	171.244727	120456.514692	0.003860	0.000083	102.513512
357	1000.000000	-343.883994	-1187.996235	119016.635128	-0.001550	0.000714	102.511216
360	1000.000000	-450.968325	252.306060	145428.794373	-0.000859	0.000890	144.251059
362	1000.000000	-356.063584	135.870295	147394.198977	0.000794	-0.002546	144.199383
364	1000.000000	572.631588	476.019263	146438.195532	-0.000461	-0.001033	145.687567
363	1000.000000	-145.420078	612.845553	120347.013990	-0.000236	-0.003034	102.515840
361	1000.000000	-153.218384	-450.587104	120628.603874	0.001050	-0.001896	102.513368
365	1000.000000	268.700637	1831.635545	121392.091654	-0.001117	0.016348	102.515292
366	1000.000000	-1306.981494	-1019.616490	120986.192333	-0.010240	-0.002230	102.517271
367	1000.000000	-406.073874	47.335225	137174.732724	0.000549	0.002000	132.119796
368	1000.000000	-510.968965	206.955842	147410.388501	-0.001242	-0.002356	143.394277
369	1000.000000	-32.060366	-256.033550	118434.799965	0.000158	-0.001014	102.513517
370	1000.000000	-336.308582	720.830294	121259.722052	-0.000597	-0.000898	102.510562
371	1000.000000	-530.732584	-29.220995	120328.069031	-0.003240	-0.000972	102.515564
372	1000.000000	566.356394	-1416.779787	121630.583692	0.007615	-0.007116	102.515034
375	1000.000000	-109.385381	634.070653	150155.667137	-0.000220	0.004065	149.092197
373	1000.000000	-294.325346	-164.354327	122884.892375	0.000462	-0.003256	102.515463
374	1000.000000	-224.533493	124.507019	121560.320261	-0.005321	-0.000639	102.516443
376	1000.000000	-316.666852	-810.224056	132083.792005	-0.002189	-0.002174	105.208032
377	1000.000000	109.694744	-907.296978	122787.446097	-0.004081	-0.002902	102.515045
378	1000.000000	-63.012135	219.761657	138416.227451	-0.003935	-0.000121	130.463388
379	1000.000000	195.129261	669.273328	118460.334303	0.001845	-0.000249	102.512592
380	1000.000000	-340.303946	-604.806217	120590.454642	-0.000882	0.001997	102.515004
382	1000.000000	138.602550	-388.261555	148257.531770	-0.001899	-0.003536	145.332033
381	1000.000000	-757.829910	-513.646763	138023.056238	-0.002744	-0.002150	131.805309
383	1000.000000	688.948034	50.100562	150905.489288	0.011246	0.000809	148.826271
384	1000.000000	-1564.623887	-700.035734	147736.513229	-0.023635	0.000592	145.600157
385	1000.000000	-339.270229	1134.157444	121441.685906	-0.000927	-0.001034	102.515949
386	1000.000000	312.157101	-1005.223084	120262.647410	0.003017	0.001604	102.511863
387	1000.000000	883.658732	395.111586	119411.070153	0.000848	0.002306	102.516405
388	1000.000000	935.743028	-417.589784	142384.627817	0.005707	0.000861	137.739851
389	1000.000000	340.184069	412.178611	138663.027705	0.004811	-0.000164	134.785408
391	1000.000000	-665.588336	46.508569	147498.308599	-0.001739	-0.003146	146.689835
390	1000.000000	-309.620010	33.844433	119091.318006	-0.001751	0.001177	102.510633
392	1000.000000	71.001131	97.279431	128601.731749	-0.002704	-0.001190	102.572538
394	1000.000000	-225.840052	-543.020358	143041.874730	0.001810	-0.005940	139.968944
393	1000.000000	-246.593066	61.048812	122335.562723	0.002695	-0.003279	102.516912
395	1000.000000	324.040099	972.345740	144037.758139	0.004774	-0.000791	139.506444
396	1000.000000	1104.785748	1081.864645	121582.714596	0.004123	-0.000802	102.518064
399	1000.000000	490.601487	-419.173653	138822.767734	0.000209	-0.001166	133.202240
397	1000.000000	-570.672644	-675.041268	122319.424273	-0.001884	0.002771	102.514729
398	1000.000000	-223.946758	408.541125	122254.443720	-0.002803	0.001081	102.515659
400	1000.000000	-339.473092	268.841618	121182.278280	-0.003549	0.001944	102.512841
402	1000.000000	-701.301074	-900.341662	146948.196369	-0.003873	-0.005035	146.511257
403	1000.000000	-51.304899	-888.687462	140519.526764	0.000304	0.000134	135.099631
401	1000.000000	252.134405	812.875131	118694.199741	-0.000682	-0.000092	102.512720
406	1000.000000	-233.531671	1356.369065	145747.915042	-0.004828	0.030727	144.380208
404	1000.000000	140.618939	-100.081879	119043.567116	-0.003399	-0.002494	102.516804
405	1000.000000	-53.954065	-1612.677160	121857.774073	0.002835	-0.020844	102.515294
407	1000.000000	-848.601585	370.046603	122025.707139	0.000766	-0.001502	102.515094
408	1000.000000	-186.890227	-412.345693	119966.834904	0.000189	0.000373	102.513599
410	1000.000000	879.735981	-1311.041171	119125.860326	0.003741	-0.002421	102.517020
409	1000.000000	314.631636	537.318308	119547.903505	0.000943	0.000780	102.511025
411	1000.000000	-589.087645	565.702141	119413.771305	-0.001153	-0.000194	102.510779
413	1000.000000	-287.849136	155.853110	123731.383115	0.004402	-0.001352	102.514769
412	1000.000000	63.661830	-240.501025	121554.845556	-0.002061	0.001543	102.513373
414	1000.000000	-52.061729	-1171.994989	120088.473827	0.002828	-0.004152	102.516196
415	1000.000000	-1185.958963	422.343711	121091.843282	-0.014415	0.001642	102.518135
416	1000.000000	62.212238	-46.151211	151106.514222	-0.000423	0.001503	147.333943
417	1000.000000	507.647685	263.340625	122512.962312	-0.002042	0.002788	102.515966
419	1000.000000	574.948393	-438.144275	138726.732686	0.006553	0.001879	131.905142
418	1000.000000	-414.933416	180.203708	121434.893458	-0.001516	0.001929	102.512996
420	1000.000000	-68.074808	713.299286	118585.239090	-0.001882	-0.004826	102.515128
421	1000.000000	-350.141178	-404.595826	148236.786154	-0.005736	-0.004259	147.034774
422	1000.000000	-84.428539	1135.599842	120001.491796	-0.000434	-0.000649	102.514811
423	1000.000000	493.059592	439.516903	126511.462669	0.004677	0.001524	102.581872
425	1000.000000	-377.376916	322.024553	122869.898523	-0.001753	0.001162	102.519577
424	1000.000000	68.072870	303.891014	122316.239344	0.003333	0.002835	102.513479
426	1000.000000	151.431147	668.434269	120740.435299	-0.000616	-0.003177	102.515180
427	1000.000000	362.509392	98.289370	123971.200825	-0.001581	-0.001470	102.519935
429	1000.000000	1007.724093	610.126134	148365.824950	0.004791	0.003048	147.815739
428	1000.000000	-30.044679	-257.655827	120982.121181	-0.001600	-0.002382	102.516523
430	1000.000000	129.904810	-1082.012300	145695.654113	0.000469	-0.005252	143.706802
431	1000.000000	-134.926330	-767.143529	145644.614425	-0.000309	-0.000257	142.071086
432	1000.000000	-255.295489	-432.301933	140662.437309	0.001084	0.000493	134.185318
433	1000.000000	1109.936475	-866.959678	146853.139565	0.004605	-0.000118	144.090986
434	1000.000000	-399.740759	-96.188368	145688.268887	-0.001296	-0.002664	140.582956
435	1000.000000	78.689403	140.804677	122351.001587	-0.004305	0.003244	102.515641
436	1000.000000	842.857013	-319.384375	120988.786134	0.004862	-0.000513	102.518744
438	1000.000000	-230.338561	619.772511	144556.157195	-0.002544	0.004465	139.600543
437	1000.000000	-439.492736	-1149.675264	120186.088351	-0.004479	-0.004915	102.509424
439	1000.000000	-6.664961	-530.882483	122926.767926	-0.002862	0.001996	102.514529
441	1000.000000	399.142177	615.318018	144240.391462	-0.002073	0.001569	139.272465
440	1000.000000	655.536772	-634.715713	120336.275932	0.006706	-0.000255	102.518341
442	1000.000000	-111.067293	-264.238061	120775.392790	-0.000583	0.003651	102.515835
443	1000.000000	-31.060625	-414.901329	120073.772302	-0.000376	-0.000458	102.510945
444	1000.000000	835.867844	100.012819	120741.054023	0.002381	0.001314	102.519816
445	1000.000000	-496.863336	743.663282	118945.918823	-0.001455	0.001313	102.511787
446	1000.000000	277.331200	-310.642722	121008.909187	-0.000446	0.002579	102.514927
447	1000.000000	-170.420781	-866.763741	122992.756807	-0.002601	-0.000808	102.515438
449	1000.000000	927.631974	106.933225	126157.537093	0.008880	0.002696	102.578444
448	1000.000000	151.818941	20.217275	119627.980475	0.003733	-0.002826	102.516275
450	1000.000000	-194.277724	-896.802979	122075.365488	-0.001126	-0.000803	102.522783
451	1000.000000	-1005.366281	-544.500293	147739.972201	-0.003626	-0.000148	147.558310
452	1000.000000	-536.189412	-179.160938	120205.599278	-0.001787	-0.002732	102.515302
453	1000.000000	700.129890	-738.320789	121703.688066	0.002704	0.004065	102.514764
454	1000.000000	279.649380	587.062526	118877.257520	0.000065	0.003019	102.513874
455	1000.000000	-275.453495	45.251393	144271.343243	-0.001425	0.001715	142.338191
457	1000.000000	771.580351	792.087287	142531.870673	0.001800	0.002228	138.045042
456	1000.000000	220.124304	40.070534	120051.886087	-0.002309	-0.000435	102.517168
458	1000.000000	494.556672	472.743914	150255.816561	-0.002504	-0.000248	148.240134
461	1000.000000	202.448816	-322.273355	147818.811634	0.001165	0.001840	146.813042
459	1000.000000	1107.926080	-573.422878	119278.818000	0.000622	0.000320	102.516214
460	1000.000000	-525.223106	38.885928	122140.946655	-0.004230	0.003110	102.512519
462	1000.000000	131.429206	-149.868346	119672.283275	0.000822	-0.001710	102.511977
463	1000.000000	165.611257	844.835784	143056.476280	-0.001622	0.000896	141.812097
465	1000.000000	-57.433046	204.675547	119856.397494	0.005056	-0.000113	102.516237
466	1000.000000	-207.926335	-416.860603	145282.035174	0.001290	-0.001671	141.912028
464	1000.000000	187.132192	67.147604	118452.878000	0.001521	-0.002329	102.517039
468	1000.000000	870.073125	165.256460	150537.758175	0.009378	0.000718	147.125729
467	1000.000000	-839.246196	461.232246	119472.700099	-0.005339	0.001792	102.510528
469	1000.000000	-1116.476884	1290.921609	125765.025985	-0.004037	-0.000338	102.531230
470	1000.000000	-882.800298	500.649662	120722.708616	0.001972	-0.001669	102.516378
471	1000.000000	1622.179871	40.622691	146546.656787	0.032765	0.000806	142.604371
472	1000.000000	1337.210931	739.893105	122207.217875	0.024903	0.000917	102.515447
473	1000.000000	99.752191	165.454000	126069.188202	0.005121	0.001938	102.546171
474	1000.000000	-199.789671	511.034252	118982.643150	-0.003902	0.000324	102.516831
475	1000.000000	-604.288988	-376.712184	146876.328931	-0.005240	-0.000078	143.686239
476	1000.000000	197.675574	-433.795071	121408.797083	0.002623	0.001348	102.513836
477	1000.000000	-831.666265	32.349827	120589.249337	-0.004166	-0.002027	102.518002
479	1000.000000	252.847689	165.295408	141229.086869	0.001969	0.003750	136.356199
478	1000.000000	530.006695	109.306188	120796.480684	0.002867	-0.001525	102.512399
481	1000.000000	-340.120086	361.673432	149789.346774	-0.002802	0.000838	147.748190
480	1000.000000	-254.687197	-609.198413	119702.889430	0.002304	0.002177	102.513139
482	1000.000000	73.028964	303.783252	124029.465115	0.005529	-0.000229	102.521733
483	1000.000000	564.609833	-84.367969	122151.967214	0.006654	0.001769	102.513905
484	1000.000000	-164.894432	198.742459	143529.586064	-0.002867	-0.002426	139.985624
485	1000.000000	84.281034	-516.772765	141908.009708	0.001121	-0.004280	139.540365
486	1000.000000	-481.459483	-41.511239	143621.962355	-0.009463	0.001111	139.637791
487	1000.000000	-118.698462	295.585631	121641.132289	-0.001062	0.000762	102.511636
488	1000.000000	-1231.232196	-268.546873	119448.868298	-0.003167	-0.001384	102.516641
489	1000.000000	168.584489	707.010182	123091.958832	-0.003304	-0.000146	102.522222
490	1000.000000	-324.476599	-495.730573	122836.290833	0.001364	-0.001204	102.520128
491	1000.000000	659.074819	-637.667732	141451.173148	0.006153	0.000820	138.996977
492	1000.000000	961.015573	126.582392	119537.573608	-0.001854	0.001670	102.512606
493	1000.000000	11.797741	-314.744505	120896.841945	0.002560	0.003273	102.513156
494	1000.000000	-130.567510	-567.430624	123398.851761	-0.002372	-0.001304	102.524196
495	1000.000000	328.292257	580.379219	122460.169500	0.