#name 	 time 	 x 	 y 	 z 	 vx 	 vy 	 vz 
6	1000.000000	-527.544177	-80.728184	148695.154352	-0.002852	0.000421	145.720843
0	1000.000000	247.509021	257.952223	149846.888920	-0.000789	0.000048	146.809873
7	1000.000000	-149.664680	-397.083363	148126.789398	-0.004327	-0.002517	145.385402
4	1000.000000	-496.867196	-457.267138	139850.868739	0.003223	-0.001992	136.076859
5	1000.000000	1041.307148	60.027915	121569.171974	0.000793	-0.001944	102.523198
3	1000.000000	877.914858	845.293250	121834.532460	0.002240	-0.000859	102.528149
1	1000.000000	-61.796559	205.543004	119120.804345	-0.000028	-0.001486	102.512234
2	1000.000000	477.341056	40.145270	119468.683426	0.000795	-0.003495	102.508718
8	1000.000000	-362.184390	629.487941	147749.500200	-0.002717	-0.000411	146.277448
10	1000.000000	988.673310	-332.223590	149628.780529	0.013221	0.000510	147.109231
9	1000.000000	-81.749311	-448.048362	120088.192578	0.002626	0.001180	102.511694
11	1000.000000	144.180473	-315.584466	125762.890712	0.000088	-0.001708	102.532545
12	1000.000000	-163.536028	464.169678	139582.868633	0.001338	0.001272	132.794142
15	1000.000000	302.356752	-224.945907	122759.454556	0.000167	0.001720	102.518139
14	1000.000000	311.199953	-43.650206	121245.701180	0.000610	-0.000468	102.517625
13	1000.000000	-1248.234427	677.724025	120361.917013	-0.000125	-0.002837	102.509636
17	1000.000000	-894.496619	302.814828	144584.527624	-0.009226	-0.002489	138.848991
16	1000.000000	-70.221694	583.827927	121604.445732	0.002285	-0.001394	102.510555
18	1000.000000	791.472661	948.893711	141098.533488	0.010227	0.000485	137.604232
19	1000.000000	80.739416	-614.949897	119379.889184	-0.000450	-0.004483	102.519075
21	1000.000000	-309.046130	-380.778396	146637.433045	-0.002140	0.002010	145.266082
20	1000.000000	-1416.140475	-442.269084	120028.330272	-0.007741	-0.000460	102.517105
22	1000.000000	296.661613	979.632647	123304.006176	0.003789	-0.000861	102.517944
23	1000.000000	213.131252	-110.611868	124947.989842	0.000060	-0.002958	102.522201
24	1000.000000	1436.751386	1367.678147	121311.054056	0.007519	0.001504	102.515495
25	1000.000000	-786.131636	-73.919928	122866.900708	-0.006689	-0.001283	102.520503
28	1000.000000	781.092107	-58.544255	150110.875986	0.008309	-0.001709	147.897939
26	1000.000000	-644.809348	-724.968887	123191.190269	-0.006289	0.001715	102.512735
27	1000.000000	464.645881	-335.403523	121099.348174	-0.002680	-0.000919	102.510173
29	1000.000000	353.794178	475.115809	121341.012956	-0.001155	0.001642	102.513823
31	1000.000000	-354.154697	1024.548919	145317.245629	0.001182	0.000936	143.971362
30	1000.000000	671.319810	42.256888	122091.401859	-0.000746	-0.000258	102.510167
33	1000.000000	67.806234	540.190624	146496.361603	-0.000168	0.003095	144.348082
35	1000.000000	-553.555076	-670.270170	149753.487594	-0.003206	-0.000550	147.940240
32	1000.000000	459.394547	-271.683622	120043.749310	0.003726	0.000842	102.512586
34	1000.000000	1182.773905	627.623004	125729.251420	0.009110	0.000721	102.529022
37	1000.000000	-289.225766	172.932606	154101.345205	-0.003993	-0.000210	151.495543
36	1000.000000	-41.818185	13.621972	142398.232737	0.003556	-0.002068	138.162692
39	1000.000000	491.090981	-408.531736	143301.772736	-0.003077	0.000702	138.730642
38	1000.000000	373.515099	-250.957047	142448.638279	-0.000054	0.000506	136.229679
41	1000.000000	35.482697	-1411.060446	123475.288847	-0.002189	-0.007521	102.517899
42	1000.000000	-703.496306	272.317725	123337.813761	-0.004968	-0.001124	102.513147
40	1000.000000	-49.420432	-516.052989	120850.381109	0.000376	-0.005184	102.517008
43	1000.000000	-1327.368114	374.547849	122589.927014	-0.010343	0.000414	102.517597
44	1000.000000	-1046.228375	-310.282308	121561.415634	-0.001593	-0.000058	102.519843
47	1000.000000	558.765351	-873.603931	143551.814380	0.000315	-0.004420	140.290213
45	1000.000000	243.981346	738.772865	119762.150762	0.000295	-0.002320	102.514511
46	1000.000000	943.773589	327.384280	120386.290038	0.006346	0.006201	102.513265
48	1000.000000	-610.979626	412.941256	142091.862179	-0.007945	0.002707	137.954680
51	1000.000000	-408.854949	96.143665	138351.548433