#name 	 time 	 x 	 y 	 z 	 vx 	 vy 	 vz 
0 0.00000 999.48350 -674.18025 -434.76439 2.23601 -1.34172 -0.07513
1 0.00000 914.95391 488.61069 80.08732 1.19976 1.29972 0.79318
2 0.00000 -368.72476 608.80603 39.34423 -1.65714 -0.12235 -0.53843
3 0.00000 -556.66463 -573.61908 -939.32959 -0.83230 -1.52926 2.21858
4 0.00000 159.86335 796.60972 331.12786 -0.00695 0.30314 -1.58858
5 0.00000 -406.94894 -765.18213 -874.16467 0.74063 1.12709 0.68566
6 0.00000 427.77012 -800.84751 398.53439 -1.96094 -1.85379 0.01202
7 0.00000 -584.44019 -422.17939 -833.65041 -1.85938 0.23686 -2.08840
8 0.00000 -415.71715 783.24747 -545.76432 -0.34077 -1.79633 -0.49804
9 0.00000 373.89380 -658.65818 -118.35826 -2.27332 -0.94352 0.03091
10 0.00000 -635.17832 22.06403 481.57641 -0.67006 -1.69596 -0.19947
11 0.00000 255.67294 355.20738 396.39305 -0.10732 -2.04946 -0.80636
12 0.00000 -809.57241 -126.91607 -50.65330 -0.40377 1.38768 0.62305
13 0.00000 960.87310 -259.13960 661.62527 -1.79597 1.22043 1.64870
14 0.00000 -217.79136 243.91278 -306.60104 -2.26915 0.56533 0.33687
15 0.00000 -2.21195 447.60416 -710.89895 -2.28848 -0.94606 -1.89179
16 0.00000 -515.86066 -237.88229 -119.74293 0.49898 0.72287 -0.33687
17 0.00000 111.93652 433.68234 284.72503 0.92888 -2.01921 -1.88533
18 0.00000 -886.00517 640.14409 -748.92143 -0.92127 -1.59717 -1.78886
19 0.00000 328.85923 370.37845 -617.99613 -0.31828 2.32230 1.84082
20 0.00000 -738.24007 -31.11544 -250.69110 2.00238 -1.60672 0.89818
21 0.00000 245.74862 967.31190 -118.57044 1.52369 2.47423 0.20775
22 0.00000 -488.18909 277.89127 151.82054 -1.20639 -1.54203 -0.27168
23 0.00000 -701.46698 993.44738 -756.47556 0.75770 -2.36102 -0.55011
24 0.00000 655.82609 -432.37219 220.40729 -1.31794 -0.44589 0.88857
25 0.00000 694.25318 298.51246 -837.23470 -1.89585 -0.10400 1.38939
26 0.00000 -56.04460 886.67502 961.60198 -0.82723 -1.48666 -0.78579
27 0.00000 307.08849 365.51759 219.87228 -2.00036 1.33127 1.17791
28 0.00000 -517.72172 -473.64258 921.73980 -0.38302 -0.81971 -2.49875
29 0.00000 737.68203 -992.49370 -668.30738 -2.44090 0.53228 1.14986
30 0.00000 227.64911 931.53637 -5.80348 0.14943 -0.19196 1.06517
31 0.00000 159.91954 365.60511 907.84303 -2.38172 -1.09945 1.84763
32 0.00000 -401.33345 -360.89279 -398.09658 2.20556 1.74064 1.26673
33 0.00000 76.48817 -183.03724 -575.25737 -2.11930 -1.05033 -2.40109
34 0.00000 -517.50420 -230.76167 -90.18623 -0.63009 -0.29906 -1.91052
35 0.00000 610.85969 -670.21472 -434.94013 -1.63657 2.17921 0.90477
36 0.00000 -732.60652 -490.47755 -201.11025 -0.65382 1.13181 -1.11081
37 0.00000 387.13821 0.70938 -763.18892 -1.74348 0.90723 1.10333
38 0.00000 959.29388 393.55822 114.42014 0.90411 2.27676 0.49104
39 0.00000 540.90779 827.19497 317.91730 0.85487 0.39093 2.26520
40 0.00000 -674.15308 -329.88603 903.64941 -1.95169 0.59651 2.28408
41 0.00000 970.48619 -858.52450 4.66078 0.90361 0.26660 0.43503
42 0.00000 383.24112 -74.70418 148.50859 -2.13555 0.69133 -0.56121
43 0.00000 -558.07957 -995.53640 -8.68645 -1.54342 -2.38867 2.01795
44 0.00000 477.25635 -110.93822 -164.59551 1.30431 -0.31123 -1.54509
45 0.00000 154.22592 -734.62331 -364.35131 -0.06542 2.19546 2.16973
46 0.00000 -852.67973 224.87259 29.49745 0.62332 -1.84677 0.72605
47 0.00000 -731.70290 305.85194 -469.57998 -0.59097 0.45108 0.84852
48 0.00000 108.66496 -960.99048 -631.30608 2.45590 0.36839 0.68881
49 0.00000 189.71520 30.48938 -338.61298 -0.51629 1.91983 1.35743
50 0.00000 198.15076 -950.54674 -975.48242 0.99226 -1.17004 1.18350
51 0.00000 999.94524 499.58463 -30.08882 1.61850 0.61389 2.01256
52 0.00000 -886.98974 478.15478 -247.64756 -2.31600 1.38099 1.68677
53 0.00000 -309.83614 -836.31470 -554.75691 -1.73762 -0.49411 0.15806
54 0.00000 623.41320 -918.44487 -764.22198 0.37595 1.66181 -1.47679
55 0.00000 -522.55645 993.85740 -482.81881 1.96028 1.73430 -0.96708
56 0.00000 -933.27502 412.84100 -612.76878 0.04489 -2.39227 0.86366
57 0.00000 627.12489 614.56810 -36.94631 0.18760 1.40424 -0.82076
58 0.00000 398.51874 -148.28940 650.48133 2.22807 0.27421 1.05248
59 0.00000 -243.27927 296.67746 -908.65457 -1.72261 1.92677 1.10783
60 0.00000 923.33440 -139.39823 -735.93729 -0.30334 -0.16406 -0.44958
61 0.00000 -445.60658 -442.98088 909.24161 1.52179 2.34255 2.49861
62 0.00000 894.32057 -502.89772 -986.59003 -0.27636 0.87024 -0.01760
63 0.00000 -957.98150 663.52644 -782.90830 -2.03424 1.95103 -0.27027
64 0.00000 813.81354 108.07964 518.86870 1.57776 0.16484 -2.22432
65 0.00000 -892.02869 798.37638 -706.18525 -0.08676 -2.16349 -1.09419
66 0.00000 865.69833 14.63587 129.00603 1.50357 0.72944 -0.95390
67 0.00000 -904.38679 -496.06834 427.76228 0.85497 0.52643 -1.75864
68 0.00000 590.50070 330.55471 708.60409 1.55267 -2.14428 -2.15603
69 0.00000 780.93315 516.09191 -859.37883 1.76047 1.37678 0.92448
70 0.00000 -530.89443 -76.84861 872.87091 0.82473 -0.20160 1.93912
71 0.00000 149.24452 -939.66275 534.70944 -0.77261 0.54562 -1.41229
72 0.00000 287.52112 142.78530 604.62210 2.31168 -0.49115 2.48277
73 0.00000 491.89162 -103.17763 -208.43144 -1.88305 0.16307 1.66690
74 0.00000 835.34626 651.21513 -108.16920 -1.16432 0.82199 1.33430
75 0.00000 331.93655 7.91021 670.30740 0.61203 -0.21231 0.27492
76 0.00000 -268.37258 312.60446 834.07734 -1.11973 -1.89393 2.33089
77 0.00000 394.87802 -112.90442 260.39165 -0.65827 -1.30904 -0.99863
78 0.00000 420.66434 -905.05032 -14.94911 -2.09373 -1.88992 2.46551
79 0.00000 -289.81795 529.72746 808.19909 -0.51945 1.58567 -0.75513
80 0.00000 -467.61273 -264.99608 504.63243 0.43900 -0.05289 0.86737
81 0.00000 -343.40772 707.89168 664.76147 -1.70206 -0.88794 2.25087
82 0.00000 -809.24658 -537.96029 721.21550 -0.70186 2.42422 -2.34012
83 0.00000 657.29983 33.61898 -21.18415 2.31989 2.30066 0.90908
84 0.00000 721.57634 -88.34144 -335.21869 -2.20425 -0.23877 -1.41323
85 0.00000 -308.78512 99.94399 -364.75550 1.96488 -0.04977 -1.21760
86 0.00000 937.99728 821.27293 -546.56480 -0.86086 -1.06649 -1.78742
87 0.00000 -801.43652 -615.33518 -383.24626 1.85708 -0.54426 1.44330
88 0.00000 -598.36792 972.95192 765.72425 -1.95069 -0.72858 0.27871
89 0.00000 381.39692 287.63150 -273.79143 -2.10569 -1.49590 1.08487
90 0.00000 488.70749 535.27286 -509.11510 0.84005 1.93495 -0.66575
91 0.00000 63.11326 5.68796 -370.91266 0.61271 -2.40048 0.88178
92 0.00000 -140.36276 -534.32958 975.23891 -0.96714 -0.02681 1.24307
93 0.00000 783.68712 -909.42901 -144.87786 -1.36511 -0.07964 -1.67677
94 0.00000 -820.38502 -231.47253 -952.32906 -0.85133 0.15615 -0.11658
95 0.00000 754.96495 -88.99674 -5.39501 -0.51908 1.93062 1.18035
96 0.00000 -782.16481 -204.15620 685.15004 1.63100 2.18328 -1.27205
97 0.00000 279.37723 -13.32994 -853.10099 1.40069 -2.28944 1.00558
98 0.00000 881.04653 401.09634 553.52054 -1.53629 -2.46537 1.71492
99 0.00000 838.64835 -515.83346 -619.79865 1.17542 -1.67739 2.45153
100 0.00000 965.69588 314.33908 -962.45271 1.29798 -0.71216 0.04508
101 0.00000 477.79936 135.84633 -421.88673 -0.42491 2.40527 -0.67058
102 0.00000 35.75652 688.41804 936.24531 -1.20553 -0.10845 -0.31330
103 0.00000 -241.20400 -593.83623 101.64150 -1.22229 0.25049 1.85239
104 0.00000 -517.53957 -685.78352 -563.47835 -1.91861 1.24509 -1.70855
105 0.00000 -47.29219 90.65465 757.95624 -2.41428 0.21491 -0.90991
106 0.00000 577.61069 743.44275 476.98082 -2.03833 -0.99301 0.68552
107 0.00000 143.12854 425.62068 288.57848 -1.34762 2.35848 2.33080
108 0.00000 -416.23218 -649.42836 -374.23490 2.42326 0.34196 1.72234
109 0.00000 -711.13218 -80.11878 215.79581 -1.57939 -0.78597 0.53216
110 0.00000 676.39317 -627.62296 -939.45106 -0.96304 -1.87357 -1.14803
111 0.00000 748.32296 -258.98089 788.46674 -0.46002 1.90939 0.73976
112 0.00000 -526.02655 57.61467 -412.53692 -2.02840 2.17269 -1.89160
113 0.00000 -300.63648 -865.94628 284.39354 0.96224 -0.82537 -0.62878
114 0.00000 -372.22990 77.47659 -802.81495 -0.04743 -0.85632 1.04863
115 0.00000 763.39606 -213.99904 708.48655 -0.18112 0.13528 -0.03345
116 0.00000 -464.43133 166.15495 -885.29717 2.29668 1.35709 -2.28641
117 0.00000 -3.13326 -895.41146 123.10290 2.30181 0.59909 0.14314
118 0.00000 396.47036 -627.67592 107.99634 0.83060 -1.73634 2.24375
119 0.00000 -626.34842 161.02533 702.04888 -1.96567 0.87931 1.48023
120 0.00000 315.29221 -981.30095 -587.46482 0.68210 -2.30872 0.88855
121 0.00000 355.83585 343.36854 -207.36457 0.80799 0.66680 2.31062
122 0.00000 985.42284 -801.31035 -864.21345 -0.36993 2.23523 1.04163
123 0.00000 -66.36431 -910.32742 497.16184 0.89185 -1.44539 -0.50755
124 0.00000 907.35117 -942.19543 871.53314 1.73465 0.81380 1.83955
125 0.00000 304.71865 -94.39012 -389.54204 -0.73983 -1.10178 -1.31977
126 0.00000 -945.99308 304.12478 424.00045 0.59965 -1.87280 -0.23605
127 0.00000 844.66302 -758.31128 -192.38205 -1.19855 1.39422 0.83921
128 0.00000 -946.42113 -17.33540 830.12178 1.02013 0.64100 0.39169
129 0.00000 258.31283 460.82130 282.63667 -0.18145 0.57146 -1.22765
130 0.00000 617.36538 -542.03254 -99.04401 1.87118 -1.48613 0.11856
131 0.00000 -746.96347 158.80580 -476.23066 -1.46115 0.26419 1.75698
132 0.00000 27.18887 116.51969 332.29707 2.49487 -1.60863 -1.91630
133 0.00000 -863.14891 245.42675 -371.03410 1.94914 1.53239 -0.35042
134 0.00000 49.39092 -94.64894 261.48624 0.33297 2.29430 2.04026
135 0.00000 401.79652 -245.94923 367.59245 -1.50956 0.58700 -0.43137
136 0.00000 647.17683 511.15590 406.19463 -0.67853 1.59893 1.25791
137 0.00000 -902.46098 57.13801 233.49638 -1.14529 1.50421 -1.32413
138 0.00000 807.57310 -482.39686 -617.32718 -2.43795 1.76707 0.60504
139 0.00000 711.72386 -719.78760 745.37593 1.04420 -2.03680 -2.39625
140 0.00000 565.27304 -939.83495 9.22126 -2.09189 1.36747 1.86289
141 0.00000 760.06250 767.04860 744.85466 -0.20639 2.01149 0.23952
142 0.00000 -888.02313 182.35978 127.88342 1.38065 -1.02215 -2.29573
143 0.00000 -202.86563 -435.45076 613.43264 0.03580 0.94075 -0.02668
144 0.00000 -90.90792 -157.03982 -921.49653 -2.04402 -0.53092 -1.82313
145 0.00000 937.30117 623.35222 -348.06918 2.31000 -1.99859 -1.98538
146 0.00000 -385.48182 -332.63588 715.93227 0.11461 0.57750 2.40779
147 0.00000 594.96948 -602.38065 -86.59162 0.35485 -1.42546 0.93217
148 0.00000 -442.79577 -640.52030 -205.00411 -1.68571 1.51311 -2.08177
149 0.00000 276.54150 -538.28696 160.18876 1.82146 2.16369 1.60697
150 0.00000 -38.81905 272.74603 -636.98269 -0.15400 -0.95362 0.84405
151 0.00000 444.68232 149.71334 55.70903 1.54616 2.43441 -0.88070
152 0.00000 212.79292 519.11793 581.93636 -2.15035 0.25233 -2.45351
153 0.00000 569.25895 378.08823 927.17618 0.08221 -0.71411 -0.08832
154 0.00000 -140.08080 992.61229 202.35202 1.42502 2.35271 -0.06073
155 0.00000 -810.14650 958.66355 -758.24452 0.65130 -1.52876 -1.43459
156 0.00000 -970.80244 -266.65777 -319.79845 1.10893 -0.66233 -2.39483
157 0.00000 -736.62402 173.51935 467.20928 1.81818 -1.81503 -2.23787
158 0.00000 -187.55318 -516.68611 -55.09859 1.86108 -0.22640 -2.14210
159 0.00000 -371.87751 -14.35377 483.44227 0.97392 2.41434 -0.90126
160 0.00000 608.40741 -893.06437 492.31070 -0.98263 -2.03459 2.17266
161 0.00000 493.73637 -799.90306 440.59302 -1.44623 2.31548 1.24595
162 0.00000 479.24386 20.14465 -825.41403 0.75010 -2.08818 1.13460
163 0.00000 65.23653 498.61173 722.53388 -2.32650 -2.03439 0.77629
164 0.00000 919.03569 -25.88554 719.79149 -2.07603 1.09271 1.75459
165 0.00000 637.76956 432.54892 -183.55214 0.68293 0.11919 -0.63981
166 0.00000 -293.14781 196.09809 -805.02625 -1.11823 -0.18753 0.63398
167 0.00000 -665.28932 -417.88319 -241.94897 1.98627 2.10090 1.94743
168 0.00000 -90.22854 -114.64510 19.17823 -0.62836 -0.46523 2.38252
169 0.00000 -263.99369 -775.00320 -515.87056 0.97689 2.32194 2.08674
170 0.00000 -886.20429 303.67223 836.98434 -2.17854 2.28154 -0.18745
171 0.00000 -79.44388 -483.18296 -138.99306 -1.03784 1.22282 -2.14359
172 0.00000 -648.84161 -133.91148 -420.57499 0.21261 0.75685 2.36924
173 0.00000 -626.50055 -159.11379 876.09250 1.10647 -0.91261 1.15723
174 0.00000 954.69087 -953.91756 -484.97779 1.32429 -0.23768 1.45809
175 0.00000 -538.75357 -334.88904 -230.73702 0.98913 -2.30432 -0.44798
176 0.00000 872.00363 -118.05474 32.20836 -1.95208 -1.58261 -0.06289
177 0.00000 -415.22842 221.22305 891.19146 -1.18428 2.45308 -1.43748
178 0.00000 794.43230 -571.90042 -461.02026 -0.20403 1.57423 -2.06996
179 0.00000 705.27556 576.30424 656.57954 -1.47215 -1.96401 1.75906
180 0.00000 -718.68958 370.15920 299.24545 -0.00436 -0.67031 2.10182
181 0.00000 -585.00068 252.10420 -298.12128 1.57213 0.19108 2.36576
182 0.00000 338.70482 934.46228 -772.82168 -0.29205 -2.37602 -1.01548
183 0.00000 -356.99931 346.94896 -75.91764 2.44899 -0.06319 -1.93486
184 0.00000 -954.14287 366.51071 -242.95192 -0.04188 1.20111 -2.12153
185 0.00000 604.87759 -384.00289 -991.88437 -1.91870 0.96857 -1.60359
186 0.00000 -816.69453 -296.27561 477.12751 0.06393 1.09740 1.62225
187 0.00000 -997.80666 617.90976 -320.18893 0.49808 -0.29047 -0.26357
188 0.00000 -474.75192 -164.63214 -449.45275 -0.38166 2.01790 0.64624
189 0.00000 125.43156 810.06526 551.19691 -1.42778 0.21816 0.93134
190 0.00000 -994.04797 -624.41348 331.47188 1.23893 0.17316 1.14970
191 0.00000 189.77996 -75.87951 696.61941 -2.18713 1.20200 0.27736
192 0.00000 -781.69185 -114.01264 560.89025 2.48814 -1.20145 -1.14050
193 0.00000 -133.39403 500.00013 897.49514 2.12118 -0.67958 -0.26706
194 0.00000 -32.09282 203.28640 -297.91606 -1.39019 1.95467 1.76069
195 0.00000 -947.72573 -641.59509 553.13010 1.37389 -0.10557 -1.93816
196 0.00000 150.79790 -327.47192 37.11438 -2.19249 -1.50272 -1.55493
197 0.00000 -298.16722 -574.66568 -758.05352 -1.79586 0.17492 0.35046
198 0.00000 -103.48277 -847.48876 -33.22650 1.89064 2.13896 -1.67577
199 0.00000 -383.24198 71.67993 -308.62889 1.45361 -1.33622 1.39862
200 0.00000 926.54446 383.13782 -641.32317 -0.93820 0.52772 -0.81087
201 0.00000 -299.84951 -659.79411 518.26084 1.33171 2.38296 -1.84019
202 0.00000 -725.98714 770.79337 -342.82092 -0.88338 1.48883 1.38420
203 0.00000 -896.86112 647.38712 169.58159 -2.40889 -2.16154 0.32472
204 0.00000 -986.01802 326.62996 -40.21011 1.98634 -1.71261 -1.99956
205 0.00000 -966.55701 -152.76193 558.44421 -1.67677 0.08762 -2.36302
206 0.00000 -881.83776 301.84043 -563.22482 -0.49507 -1.73298 -2.16495
207 0.00000 843.04390 -590.33193 -168.37598 -2.09356 0.38438 -2.12589
208 0.00000 213.90713 -741.34472 -125.05419 0.14225 2.37076 -1.01601
209 0.00000 270.92197 -627.79831 938.15402 -1.28198 1.61082 -2.00777
210 0.00000 996.35789 -208.35507 327.95354 0.23039 -1.80769 1.48969
211 0.00000 -910.10516 640.47739 -255.86096 0.48037 1.25170 0.09716
212 0.00000 -291.19009 141.79851 -407.97527 2.16665 -2.02512 -0.04080
213 0.00000 -365.43975 938.12908 -760.11285 0.23232 1.61010 -0.52466
214 0.00000 -521.56962 535.22713 68.77923 -1.63139 -1.95775 0.07207
215 0.00000 -48.35886 147.89463 877.86149 1.22535 1.72787 1.73009
216 0.00000 -315.60434 -665.98109 697.31560 2.41409 -2.27202 1.35139
217 0.00000 -532.16558 469.25872 365.47154 -0.17395 -1.46039 -2.01057
218 0.00000 948.15696 397.00943 -195.12915 0.06790 1.09102 0.45279
219 0.00000 37.51240 -808.76094 -766.93387 1.09263 1.07828 -0.70150
220 0.00000 -871.75149 -115.21853 33.70801 -2.39414 0.86607 -0.98312
221 0.00000 659.12203 966.84802 -56.07274 -0.03193 -0.06927 2.22288
222 0.00000 413.58620 715.20252 -741.89955 2.20587 -1.26037 2.23626
223 0.00000 24.36576 -818.86687 -63.33285 -1.95100 -2.12069 -0.34745
224 0.00000 588.00577 -616.14096 -514.33329 1.48213 -0.00039 1.95443
225 0.00000 743.17640 243.14148 312.79080 -0.69166 -0.29412 0.32101
226 0.00000 4.68173 931.73315 -329.84556 1.41130 0.78274 -1.15080
227 0.00000 -887.57390 -590.60056 559.72105 -2.15291 -1.07171 -1.15129
228 0.00000 -662.47516 565.84763 947.89308 1.38388 -1.79163 1.71814
229 0.00000 379.57205 -994.22567 -321.66265 1.59489 -2.39915 -1.64122
230 0.00000 -22.37071 431.77572 792.75156 2.08487 0.92018 -1.44605
231 0.00000 -247.67394 234.18267 -738.66226 0.97889 -2.00426 0.31798
232 0.00000 -452.36590 -534.37844 -208.07548 0.88970 0.27843 0.88368
233 0.00000 161.78400 244.95949 -922.30374 -0.40437 1.45478 0.42206
234 0.00000 771.34172 -779.03224 -660.66030 2.23310 2.09051 -2.04991
235 0.00000 -460.28154 -969.78718 906.73587 1.75430 -0.91450 -1.45451
236 0.00000 968.65055 -560.42708 112.50119 -2.17506 2.06456 -0.49063
237 0.00000 -85.67606 240.29509 -524.75631 -0.50014 0.23112 -1.95650
238 0.00000 259.23379 -942.15758 -373.87258 2.47579 -1.61390 -2.34069
239 0.00000 -268.53800 -872.51981 94.14575 -2.27750 2.21273 0.80165
240 0.00000 312.32937 101.15998 213.36952 0.52726 0.10120 -1.79322
241 0.00000 -355.46210 647.96314 -850.08586 1.69990 2.00907 0.42459
242 0.00000 -294.86529 200.47397 917.74799 -1.25709 0.18229 -1.99090
243 0.00000 868.98829 200.84765 679.24951 1.82543 -2.05520 1.75094
244 0.00000 -306.72255 -622.59725 -600.15732 -0.09327 -0.51628 2.26462
245 0.00000 -668.37727 -596.92902 442.47448 0.58203 -2.46667 -0.78817
246 0.00000 719.11669 288.46754 -980.24215 -0.47287 1.17727 -0.22503
247 0.00000 -204.13132 -0.58584 772.80796 0.69369 -0.83312 -1.75514
248 0.00000 603.13551 -541.58320 831.65324 0.21440 1.40860 -0.29552
249 0.00000 524.56334 -267.97089 -424.16498 2.08561 -2.15353 -1.42185
250 0.00000 66.30171 265.68696 114.89428 -2.19025 -1.75474 -2.23692
251 0.00000 917.36131 -429.57820 793.89806 0.86282 -0.12932 0.37262
252 0.00000 77.76914 939.89424 953.33921 -0.73360 0.37119 -2.03634
253 0.00000 -462.97863 -525.63925 -89.18451 -2.06097 0.93449 -0.81434
254 0.00000 813.84558 -504.08998 -461.54110 -1.71384 1.65114 -0.65458
255 0.00000 -188.03877 751.59493 270.98822 -1.31281 1.93160 -1.31246
256 0.00000 -262.69176 -666.42258 -971.95346 1.40026 0.84718 -1.89070
257 0.00000 -844.31027 -777.64823 298.83236 1.75793 1.07921 1.87343
258 0.00000 -878.09780 846.85077 -702.35685 -2.22509 0.57213 0.47047
259 0.00000 -638.61729 -526.99808 606.61282 2.44286 -0.49347 -1.40402
260 0.00000 101.02985 -191.18061 -17.65591 -0.73747 -1.65027 -0.97757
261 0.00000 -524.92255 270.87396 -401.53098 -2.39795 1.70063 -1.15958
262 0.00000 -521.75005 482.22153 948.49399 -1.03231 1.87361 1.97493
263 0.00000 -775.77233 -149.53196 430.04218 1.18635 -2.06152 2.11908
264 0.00000 991.18423 -350.54006 85.08395 -2.11633 1.58226 0.34349
265 0.00000 -957.40799 860.15574 574.54645 1.07419 -1.42365 -2.20500
266 0.00000 -232.85154 324.15081 -382.04629 -2.27537 -2.37674 0.44367
267 0.00000 418.64082 883.42552 -468.33512 0.06726 1.56414 0.09027
268 0.00000 610.63202 0.46686 -950.15877 -1.44273 0.18178 -1.03133
269 0.00000 187.66074 -201.82889 184.40073 1.71475 -1.41733 0.48260
270 0.00000 -987.25958 830.28059 321.00569 1.34388 1.80921 0.10190
271 0.00000 116.84740 -498.29568 440.50771 -1.30872 -0.61574 0.97822
272 0.00000 -111.98224 638.81242 -926.26055 -0.43528 0.50682 0.28226
273 0.00000 75.44833 -437.42681 902.42317 -0.38552 0.33386 -0.41360
274 0.00000 -295.09150 936.79627 616.72147 2.47800 1.92637 -0.38058
275 0.00000 736.48163 -679.03079 -563.44132 1.20837 2.44462 0.86230
276 0.00000 -675.42449 552.21521 175.70899 2.12020 1.40509 0.07961
277 0.00000 -638.53845 -460.57779 -649.12767 2.18264 1.84739 1.39781
278 0.00000 972.26246 38.90617 522.24595 0.88529 -0.10334 2.47378
279 0.00000 -309.42582 -232.10602 -859.49391 -2.47133 1.80224 -1.90123
280 0.00000 857.09448 665.45292 420.89209 0.54260 1.61807 0.90582
281 0.00000 -513.14707 397.16357 -473.80316 -0.34924 0.41418 1.03041
282 0.00000 -714.31594 -65.17433 257.69771 -1.51339 1.54529 -1.63816
283 0.00000 690.97815 -749.75016 -84.10398 -0.34926 0.10396 -0.35023
284 0.00000 973.80198 848.53751 -37.88362 1.03510 -1.86138 -0.25354
285 0.00000 -461.02918 412.43238 370.91410 -1.72789 0.75484 -1.65263
286 0.00000 866.68915 490.59170 -777.84734 -1.25998 -1.85336 0.42960
287 0.00000 -965.94436 -671.83074 224.11576 1.14543 0.64310 -1.41600
288 0.00000 -255.59996 -997.13835 -261.41045 -1.17390 -0.02119 1.08219
289 0.00000 730.24300 -153.67101 282.43062 -2.39110 0.72787 -0.67045
290 0.00000 -409.95788 106.03373 643.87285 0.06250 0.31922 -1.84809
291 0.00000 -445.04970 598.12081 -113.44713 -2.32132 -1.16763 -0.19963
292 0.00000 145.47149 -880.89411 -945.23033 -1.11222 -0.59152 1.67843
293 0.00000 156.20334 -296.23870 501.05300 2.18922 -2.15633 -1.72250
294 0.00000 515.41083 -212.01468 534.77946 1.61294 0.22853 -1.19450
295 0.00000 -172.25871 979.77007 477.25323 1.97025 -0.17414 1.34461
296 0.00000 276.68138 -546.11385 -651.72909 -0.23057 -1.81106 1.88594
297 0.00000 -612.82200 -206.60509 388.21651 -0.55287 1.24233 0.50834
298 0.00000 -798.59302 596.29885 -229.59862 -2.19432 0.69250 1.87228
299 0.00000 -436.96358 332.94122 380.90042 -1.14868 -0.59999 0.23927
300 0.00000 -572.15351 -924.63334 951.29290 0.60443 -0.34455 -0.72354
301 0.00000 307.96039 -196.71432 368.85296 0.50092 1.64774 -1.47057
302 0.00000 -471.31000 -193.44782 344.63188 -2.49995 -1.87158 2.20920
303 0.00000 695.74736 -435.22088 507.07325 0.71241 -0.48576 -0.56129
304 0.00000 -806.78344 384.62664 -134.72631 -1.41269 0.68215 -1.64816
305 0.00000 -172.38143 248.80573 -969.50019 1.08301 -0.74801 -1.85550
306 0.00000 872.07885 -245.42025 79.72250 -1.54566 1.49744 -1.43315
307 0.00000 730.00267 -965.39119 53.98655 2.17302 1.43440 -0.06232
308 0.00000 -54.59564 -665.62097 251.68644 -2.11078 -1.20597 -0.91929
309 0.00000 654.40970 -921.38246 -23.27066 1.28363 0.09914 0.13306
310 0.00000 179.89896 -479.57017 714.81732 -2.48647 1.74769 0.22910
311 0.00000 -15.09859 621.65481 -926.98035 1.02117 -1.05659 -0.69829
312 0.00000 253.40366 103.07110 405.22627 0.11705 2.20632 2.13913
313 0.00000 679.52784 369.02762 -91.65497 -0.35908 2.03595 2.10839
314 0.00000 671.85912 544.47002 -579.98368 -0.65778 -0.39474 2.16274
315 0.00000 102.33219 420.25502 288.86281 2.25152 0.20050 -0.12857
316 0.00000 -571.71379 -192.68945 947.97150 1.54213 -0.80365 -0.22654
317 0.00000 614.36684 -121.34944 -329.17834 -1.60770 1.57880 0.16309
318 0.00000 760.34620 -467.92985 543.71350 2.48742 0.60693 -0.22137
319 0.00000 979.04817 -411.01698 -737.34327 2.46549 2.16428 1.25548
320 0.00000 298.83765 520.98069 135.87233 1.61547 2.44574 -0.75900
321 0.00000 883.79690 -103.36453 -721.08515 -1.99516 -1.94215 -1.12225
322 0.00000 -308.69369 407.07135 -350.07327 -1.81570 1.35123 -0.79727
323 0.00000 -968.52102 670.86164 778.87483 -0.28417 1.02344 -0.53989
324 0.00000 511.16687 458.09920 -994.13767 -1.77846 -1.62965 0.58583
325 0.00000 943.05260 65.27430 66.85733 0.63693 1.04643 -1.63796
326 0.00000 755.33041 -312.71191 820.75867 0.73132 -0.10137 -1.54890
327 0.00000 841.87687 892.12083 -803.17454 -2.23120 -0.61150 2.46687
328 0.00000 -651.76850 -714.97689 544.17604 0.36245 -1.26050 -0.39751
329 0.00000 -881.89331 -458.94642 772.34232 -2.22567 -1.63889 -0.75960
330 0.00000 643.64787 411.43522 -405.02887 0.56480 0.90859 1.89619
331 0.00000 -176.28065 538.50240 -773.40816 2.39650 -0.50184 2.42565
332 0.00000 -672.29923 962.14065 576.98373 0.15473 -1.43327 -1.56036
333 0.00000 -292.31812 273.01538 735.89385 -0.82504 -0.86140 1.42568
334 0.00000 96.44099 -901.70603 -164.43152 -2.48656 -1.78105 -2.03696
335 0.00000 -996.93867 545.03027 -282.10755 0.31633 1.25135 1.78025
336 0.00000 -562.07639 -614.68130 979.16565 -1.20518 1.74314 0.33116
337 0.00000 919.57139 -288.30010 782.01093 -1.46949 -0.04961 -1.77304
338 0.00000 12.20577 915.85546 -874.89964 -1.62301 -0.24211 -1.78132
339 0.00000 -223.40099 733.44302 162.85938 -1.80627 -1.99078 2.26386
340 0.00000 334.74404 367.34831 -351.79922 -2.08518 -2.27223 2.10917
341 0.00000 804.51974 258.98416 -122.20197 -0.31711 -0.71219 1.87965
342 0.00000 338.89442 334.08479 864.44386 0.45698 -1.88836 0.45724
343 0.00000 540.98309 -893.06417 -563.86387 -0.04021 -2.17804 0.80291
344 0.00000 -218.21759 -239.75214 556.17218 -1.77377 -0.87418 2.16271
345 0.00000 -208.15916 149.81686 653.60752 0.43661 2.46145 -0.87266
346 0.00000 -242.43710 -500.23553 714.16336 -0.82850 -1.12531 1.63394
347 0.00000 289.68237 611.50112 606.70477 -1.85176 0.00004 1.08226
348 0.00000 -615.89444 147.69251 984.16607 -0.84956 -0.80240 0.26735
349 0.00000 836.83245 -34.56612 -690.10029 -1.69509 -2.09841 0.76919
350 0.00000 57.77569 692.14224 821.88774 -0.08764 0.49301 2.13607
351 0.00000 -748.63312 975.13951 869.76097 -2.08136 -0.63311 1.27163
352 0.00000 114.52230 -137.21557 272.61431 2.15485 -1.45954 -2.02998
353 0.00000 -710.18355 -141.78991 -309.80745 1.93767 2.03333 2.18963
354 0.00000 -177.44793 414.37948 372.57600 -0.02471 -1.68666 -1.08782
355 0.00000 974.16717 142.41497 419.37572 1.99792 0.36381 -1.29813
356 0.00000 897.57680 4.00201 -476.57264 0.72005 1.71971 0.30218
357 0.00000 365.39530 -502.40447 806.64096 0.46457 1.20818 0.80912
358 0.00000 464.71820 -211.06388 819.03128 1.80890 -0.80900 1.54190
359 0.00000 -483.69288 -191.19245 944.18746 0.29715 0.65353 -2.05526
360 0.00000 965.32219 -241.27125 -533.02772 -0.15457 -1.63008 -2.23294
361 0.00000 -819.40341 960.72977 139.74461 -2.32032 2.21999 0.67666
362 0.00000 -161.01801 -724.38142 -947.81094 2.11809 0.50570 -0.77637
363 0.00000 -828.36101 623.70876 897.11567 -1.36444 -2.00399 -1.73127
364 0.00000 -246.24194 406.79720 473.70441 0.34526 1.96474 -1.25322
365 0.00000 392.55832 161.02992 -409.69498 1.87898 -0.43247 -1.86298
366 0.00000 -357.60752 76.24280 304.68938 -0.72276 0.20198 -2.44063
367 0.00000 -828.61914 -772.88681 925.79699 -0.75722 -1.19208 -1.25324
368 0.00000 295.64886 560.72123 -908.99331 1.62007 1.23992 -2.13313
369 0.00000 -187.79192 -686.90198 881.25680 1.64214 1.08744 -0.54934
370 0.00000 -151.25477 30.75665 -31.56170 -0.75803 2.04019 -1.78867
371 0.00000 -371.72938 -237.83216 -945.69549 -0.90285 0.85547 1.54892
372 0.00000 -309.89238 676.36850 890.52554 -0.92167 1.29669 -1.85577
373 0.00000 -579.91973 -155.35919 133.25826 -1.04161 2.09256 1.73986
374 0.00000 378.68058 -21.08627 -221.30152 2.04200 -2.26487 0.81252
375 0.00000 -382.72535 95.28976 -631.61520 -0.22371 1.46106 1.58741
376 0.00000 681.18939 -86.63310 -574.51194 -1.53827 -0.90082 1.35638
377 0.00000 -737.43142 -501.28187 -41.33980 -0.76706 -1.18056 -1.61150
378 0.00000 -548.39100 53.89538 620.51426 -1.51354 -0.11582 2.05595
379 0.00000 779.28476 -526.36140 197.70159 0.04909 -0.78928 2.03507
380 0.00000 -82.20103 534.36529 -409.82807 0.83744 -2.31788 -1.46490
381 0.00000 771.48311 -45.18785 572.90089 1.28469 -0.27716 2.29627
382 0.00000 845.21852 251.73776 -472.41533 -0.07504 -2.09792 -2.18725
383 0.00000 -544.56688 -179.94301 -504.93366 -0.05959 -0.39618 -0.91291
384 0.00000 -941.50884 -462.70826 -164.63949 -1.06911 0.52148 -0.70162
385 0.00000 -778.50180 792.63585 -332.72667 -1.69708 2.20452 1.83298
386 0.00000 -950.93363 -252.94720 674.08561 -1.96070 1.60466 1.76748
387 0.00000 -298.88577 -251.94200 -611.77729 -2.46506 0.62893 -0.19319
388 0.00000 574.83255 -752.06181 991.25536 -1.70202 -1.03542 -1.02486
389 0.00000 -652.64134 450.88961 -672.11129 0.47454 2.07758 -2.07271
390 0.00000 -952.68114 600.68704 137.54111 0.71117 0.50940 1.86131
391 0.00000 716.40658 -484.62318 108.03744 -2.21803 -0.32182 2.10850
392 0.00000 -159.84602 -400.35342 -536.59508 -1.40497 1.36434 -1.59823
393 0.00000 -826.18618 -994.30634 547.88097 1.62542 1.13285 1.49754
394 0.00000 -584.57438 -753.21995 -869.32131 -1.01183 0.27550 1.36364
395 0.00000 -759.54516 351.24852 700.14283 -1.04221 2.44856 1.65977
396 0.00000 -193.20037 -429.06123 623.43305 0.26995 -0.30642 1.31281
397 0.00000 452.33831 -883.39286 -756.54605 1.50730 1.58795 1.26064
398 0.00000 335.61763 967.02636 -505.19245 2.39022 2.01292 1.33096
399 0.00000 -343.20877 -198.51299 -134.67763 1.10908 1.82027 1.79868
400 0.00000 -867.80505 -554.70743 -927.58662 1.28268 -2.15376 1.44439
401 0.00000 -682.98646 344.66796 -805.36911 -2.46709 0.86717 -1.33958
402 0.00000 -52.37485 -533.62083 313.41353 0.29390 -2.22614 -1.65047
403 0.00000 236.93355 331.21769 -334.84698 1.33544 2.46315 1.47244
404 0.00000 -829.09743 -922.93112 607.82299 0.23623 -1.51111 -2.31144
405 0.00000 -232.55536 393.77849 -877.34704 -0.59745 0.54802 1.15689
406 0.00000 587.47548 -844.62600 357.37948 0.22692 -0.56247 -1.16692
407 0.00000 536.68030 -880.86314 734.77293 -1.40437 0.65185 -1.52796
408 0.00000 513.43762 -544.10578 624.45798 0.28582 -0.87799 0.77920
409 0.00000 -266.74697 116.08573 -981.92737 0.36355 2.41504 -1.31322
410 0.00000 665.50822 -754.68499 -387.94731 -1.79792 1.31216 0.52444
411 0.00000 -304.35625 551.62474 -454.12881 0.59617 0.28834 -2.16263
412 0.00000 209.12525 -614.59397 610.45520 -0.89447 -0.07768 -0.60072
413 0.00000 -715.14864 344.12933 -22.55792 1.66872 0.73849 0.19657
414 0.00000 763.67107 -787.33015 -352.11518 -1.82286 -0.84521 -2.01978
415 0.00000 -744.00221 -96.23097 785.21517 2.28284 -0.74325 -2.31965
416 0.00000 706.83473 -474.94497 547.12487 0.41834 -0.68185 -0.74941
417 0.00000 902.63628 -364.88395 -208.07037 -0.14584 -2.08735 -1.61167
418 0.00000 -24.66924 -302.92225 70.72783 2.30484 -0.49384 1.96869
419 0.00000 811.44731 -292.45059 220.14739 0.78786 -1.34222 0.18509
420 0.00000 -670.44701 99.09364 -944.64440 1.72610 -1.74331 2.22588
421 0.00000 710.90197 -401.85600 -488.34475 2.06776 -0.28955 1.83295
422 0.00000 -632.72896 -309.07607 -415.39450 -0.90473 -0.69852 -0.66137
423 0.00000 -183.60882 418.26361 -989.05991 -2.41449 2.35077 -1.58346
424 0.00000 806.72793 141.53297 -178.99837 -2.37716 1.32566 -0.06717
425 0.00000 677.53144 375.59228 410.87515 1.15700 -2.34661 -2.29216
426 0.00000 -892.10083 -612.49022 617.51047 0.99879 1.22070 -1.67554
427 0.00000 -225.45003 563.56348 -578.43346 1.98474 -2.36888 -1.18831
428 0.00000 -984.28218 717.43594 597.12496 -0.88508 0.32202 -1.94998
429 0.00000 -159.81292 -845.67653 905.94878 0.42308 1.52987 0.15819
430 0.00000 500.97260 -340.83319 293.95943 -2.30337 -0.62829 1.20701
431 0.00000 -740.40050 -433.99823 829.84646 -0.67909 2.23190 0.76095
432 0.00000 -359.23118 8.55243 900.72955 -1.21210 1.57948 1.54423
433 0.00000 -608.54212 -465.34065 -185.36329 0.89897 2.37741 1.41489
434 0.00000 107.99862 483.90817 700.18059 -0.63978 1.91098 -2.36574
435 0.00000 658.59555 236.89351 858.54432 2.07260 -2.43871 2.24785
436 0.00000 660.28301 483.28623 -478.29254 1.23582 -2.33756 -2.49425
437 0.00000 -641.70320 -124.57548 -198.04126 -0.50576 -0.56393 2.07390
438 0.00000 -887.36392 652.06446 609.98311 2.01826 2.48029 -0.50919
439 0.00000 -311.61800 -675.27887 -500.89706 -0.96371 1.36871 -2.06220
440 0.00000 -582.73747 649.22669 -497.27919 0.89477 -0.56646 0.00155
441 0.00000 825.42012 -407.70973 730.19332 -0.98350 -0.70643 -0.51090
442 0.00000 114.72584 -639.41154 -133.43947 0.51485 -1.15897 -2.32054
443 0.00000 -66.64837 891.04213 -67.72139 -2.20452 1.36016 1.72180
444 0.00000 -59.09602 -915.01993 967.01713 -0.70191 -1.52517 2.21924
445 0.00000 -628.78249 -924.17881 890.00239 -0.32871 -0.07674 -0.06120
446 0.00000 483.21793 -363.63857 -713.88753 1.73079 -0.85839 -1.86199
447 0.00000 446.64488 -34.32426 -618.65347 1.97362 -0.02184 1.84338
448 0.00000 -434.14683 -247.88594 -270.66622 -0.44928 -0.51461 -2.00209
449 0.00000 -603.42691 79.37423 -470.67390 2.21799 -1.27321 -0.38565
450 0.00000 -671.43665 802.93364 900.07788 -1.78622 -1.54275 -1.10719
451 0.00000 -920.76068 889.82938 -569.42812 -0.51483 0.54519 1.29098
452 0.00000 -908.34976 -512.83306 189.83953 2.02502 2.05941 -0.14883
453 0.00000 83.98475 -966.32884 199.79595 -2.18697 -1.97425 0.07524
454 0.00000 705.51376 -115.33035 -118.37405 1.28435 -0.34724 -1.54520
455 0.00000 -740.84475 -260.59624 639.17617 -1.55119 0.41482 0.72657
456 0.00000 66.99555 517.48864 417.06299 -1.97326 2.27673 -1.22532
457 0.00000 -445.21237 622.31945 81.65281 1.52763 -1.84695 -0.13255
458 0.00000 -582.89133 -737.34181 -740.92570 0.31831 -1.14957 0.58025
459 0.00000 553.38158 343.85904 909.09677 1.15858 1.50416 1.00762
460 0.00000 611.18291 -44.87277 -375.07721 -1.61139 1.68020 -2.34758
461 0.00000 -784.85785 -99.49397 898.66760 -2.25896 -1.91041 -0.03410
462 0.00000 -975.37885 -599.93005 -844.41845 -1.11241 -1.33727 1.48092
463 0.00000 149.62106 936.12389 944.23717 1.17071 -2.25654 -1.28305
464 0.00000 89.90472 -541.37940 176.46727 1.94724 0.18454 0.05690
465 0.00000 755.70490 -980.47813 -227.87750 0.01954 -0.18007 -1.53059
466 0.00000 209.69783 -14.08925 -191.14614 1.01210 0.86252 -0.98670
467 0.00000 866.96542 524.53445 -992.88094 1.50653 0.24229 2.21713
468 0.00000 -430.60857 134.91974 -334.76633 2.10799 -0.11779 0.20945
469 0.00000 449.11401 -60.37379 -820.38046 0.86982 1.20196 0.69331
470 0.00000 688.36086 -204.88924 -169.34588 1.47848 1.22622 -1.48490
471 0.00000 -356.79576 830.69048 823.15193 1.48378 -0.50116 0.99230
472 0.00000 208.40333 333.70840 -140.89370 -2.45463 2.18589 0.28444
473 0.00000 782.00160 926.75851 -931.52614 1.08959 2.17054 -0.32739
474 0.00000 -201.13872 429.62647 771.58744 0.92740 2.42915 0.74297
475 0.00000 759.45845 538.84332 -156.49172 0.48221 1.07782 0.68424
476 0.00000 -415.76776 -209.28876 752.73844 -1.83525 -1.56178 1.98456
477 0.00000 227.64060 209.67262 -713.42787 -2.38056 -0.24501 0.84081
478 0.00000 -279.12271 444.58130 186.29538 1.71468 -1.91040 -0.03053
479 0.00000 -85.40841 -610.02450 -573.50568 0.32081 0.72189 -0.07924
480 0.00000 -615.44696 189.55190 243.71676 0.56432 -1.58814 0.75026
481 0.00000 -546.44950 363.76094 501.56799 -0.18372 0.49496 -0.16612
482 0.00000 966.50658 216.25173 -971.44972 -0.95889 -1.21156 1.35886
483 0.00000 371.79147 -241.29829 -162.33573 1.72716 2.01013 -1.79673
484 0.00000 640.31997 135.18484 988.10421 1.17799 -1.62785 1.82509
485 0.00000 -286.19508 881.90970 -16.38381 -2.21404 -0.69090 0.98873
486 0.00000 620.92497 -715.69265 -383.41525 -2.35904 0.87893 -0.49694
487 0.00000 -565.51818 -114.64971 706.20142 -2.20976 -1.98583 0.47203
488 0.00000 339.49379 484.65121 -719.99179 -0.99678 0.05184 -1.09538
489 0.00000 742.69068 -271.51800 13.00432 -2.25467 0.79771 -0.40165
490 0.00000 628.53325 -978.62835 -267.09352 -1.81442 1.83980 -0.75562
491 0.00000 -481.60944 278.12729 -521.76044 -1.40259 -1.89659 0.55066
492 0.00000 -831.46086 652.13437 2.47033 1.47830 -2.07235 2.43454
493 0.00000 367.86685 121.70461 -959.17187 -0.41888 1.53190 0.89392
494 0.00000 -386.32451 670.58782 -697.21186 -2.08739 0.74947 -0.18368
495 0.00000 -254.69876 36.97382 -254.35227 1.55384 -0.05772 1.73950
496 0.00000 527.21697 -257.57203 872.79205 -2.48185 0.55826 1.29752
497 0.00000 -630.35979 195.05415 300.54213 -0.90310 -1.67675 -0.56876
498 0.00000 899.58880 -619.76543 820.28452 2.12374 -0.40610 0.39096
499 0.00000 666.60780 980.16024 135.87360 1.78889 -1.31683 2.14412
500 0.00000 -132.98170 115.83330 -714.57974 -1.80015 1.50496 1.15014
501 0.00000 -489.49368 -775.37369 349.83362 2.46806 -0.56171 0.23111
502 0.00000 -745.31319 748.96275 -102.50658 2.47027 -0.78406 -1.78150
503 0.00000 558.82046 -321.13147 -96.35534 -2.21012 1.61996 0.58350
504 0.00000 540.22586 972.78856 -447.93300 -1.15656 0.43089 -2.05896
505 0.00000 103.04089 282.87721 -261.52617 -1.64407 -0.92138 0.15368
506 0.00000 -482.59980 76.96696 -447.59888 0.49180 1.75622 1.91833
507 0.00000 234.38850 712.82867 696.59556 -2.15392 0.76416 2.34111
508 0.00000 -884.66351 -183.55636 371.76157 1.70695 -0.02959 1.08599
509 0.00000 487.03210 -261.52740 -968.41939 0.92568 -0.90776 -0.03088
510 0.00000 924.64941 644.92901 555.96115 2.09640 2.38516 1.83342
511 0.00000 702.62803 -693.67148 -220.70953 2.09605 1.81312 -1.05612
512 0.00000 735.44923 -386.03632 -588.26481 -2.20431 -0.16365 2.44287
513 0.00000 -508.18347 -727.53283 -991.13969 -2.15274 0.63522 -1.90502
514 0.00000 583.92089 866.97954 -947.82158 -0.39475 -1.36083 -0.26572
515 0.00000 -494.61318 677.97383 -209.05784 1.00770 -0.06759 -2.09394
516 0.00000 -731.09746 -937.74727 -84.00954 0.79204 -0.06103 0.63254
517 0.00000 -367.49884 -439.79714 243.86782 2.31668 1.28343 1.37851
518 0.00000 -292.74015 -325.14465 -362.83708 0.28520 1.47634 1.81876
519 0.00000 455.20433 555.13937 626.45398 0.19062 -0.41588 -1.04873
520 0.00000 454.64034 -640.61883 -32.73346 -2.40040 -0.10377 1.11583
521 0.00000 -538.97642 -231.12311 -61.23538 1.57391 2.10850 1.34744
522 0.00000 -241.85639 533.23818 -752.50067 0.40179 -1.16556 0.70199
523 0.00000 -5.37361 914.71610 595.10193 0.55837 0.25802 0.05074
524 0.00000 480.64254 -291.36840 -45.23836 -2.19474 -1.47623 -2.44592
525 0.00000 217.73707 844.92617 767.28994 -1.51683 1.94936 -0.43737
526 0.00000 613.48150 -269.21444 -906.46226 -0.78098 0.53173 2.20963
527 0.00000 -559.75918 476.74431 -717.70480 -1.05129 -1.60086 -1.99013
528 0.00000 822.31034 -3.09629 -757.51441 -1.86627 -1.59510 0.16631
529 0.00000 -751.47099 241.98166 495.26238 -1.26704 1.48202 -0.59733
530 0.00000 -151.07300 -977.67770 -142.89852 -0.85932 2.31548 1.85412
531 0.00000 633.97398 -894.78759 769.02732 1.73254 -0.99952 0.15857
532 0.00000 955.79748 332.19766 505.88688 -0.59245 -0.24953 -1.96232
533 0.00000 877.21722 120.48491 -288.94383 2.31640 -1.98121 -2.06133
534 0.00000 -443.39272 602.56631 787.62970 0.08783 0.17478 1.30179
535 0.00000 474.07243 -25.42722 609.22853 -1.41846 -2.08335 -1.50565
536 0.00000 707.74595 397.57933 449.24922 1.03486 1.56387 -0.52642
537 0.00000 162.78091 887.00459 794.19085 -1.68126 -1.66797 -1.32435
538 0.00000 -856.14661 553.81050 -777.81467 1.36115 -1.83358 1.12122
539 0.00000 748.60944 104.68278 208.17166 0.26072 -2.16047 0.01150
540 0.00000 590.01497 632.51445 -163.04052 -1.77780 -0.23195 -1.09221
541 0.00000 129.62799 57.00537 98.60294 -2.07512 0.65290 2.31320
542 0.00000 243.48815 192.47836 900.58453 -0.64316 0.07673 0.63279
543 0.00000 351.26550 80.49399 103.86110 -0.83466 -1.81349 0.30291
544 0.00000 807.43020 -38.02467 4.34309 0.31814 -0.90862 -0.08451
545 0.00000 719.48529 654.34432 -623.54821 -1.15435 0.79566 -0.63146
546 0.00000 -930.96908 -621.14830 -117.90121 -0.49046 -2.32531 2.24467
547 0.00000 -369.11706 897.17309 555.44090 1.19497 1.34836 -1.47531
548 0.00000 385.21100 490.55562 840.28023 0.91804 1.80577 -2.25570
549 0.00000 180.06232 144.45899 260.61997 -0.78864 -2.35449 0.99425
550 0.00000 -969.92429 995.70043 988.92212 1.76900 -1.80190 1.50679
551 0.00000 -419.55554 -970.01254 235.30675 1.33770 0.51505 0.39320
552 0.00000 -284.98348 -742.19699 247.92131 0.32727 2.39235 -0.00258
553 0.00000 -526.58208 -96.87562 14.94848 1.78022 0.29535 2.07174
554 0.00000 -828.20799 -477.17431 -718.61205 2.30896 -1.71430 2.31963
555 0.00000 -890.19298 117.30483 -328.31129 1.15842 -1.01924 -1.47288
556 0.00000 -539.65924 -312.45790 947.68290 -2.29535 -0.03719 0.85691
557 0.00000 765.04521 520.57877 -200.93630 -1.32650 -1.01356 -1.19174
558 0.00000 361.71058 692.96210 419.52476 1.27312 -0.80343 -1.24913
559 0.00000 751.82256 423.54667 673.12837 1.07221 -1.93767 -0.40406
560 0.00000 -840.21489 202.27347 939.10803 2.41197 -0.69017 -1.54620
561 0.00000 652.90256 -675.08112 559.07817 1.22451 -1.47062 2.13946
562 0.00000 -985.04362 -126.18865 823.18039 -1.17333 0.99461 -0.02370
563 0.00000 -506.10418 -448.40745 -955.71601 1.92691 1.44632 1.85141
564 0.00000 805.20689 -840.18128 -848.47589 0.05617 2.24113 1.85160
565 0.00000 743.32318 618.33981 -974.77857 2.20001 0.10339 2.36012
566 0.00000 727.18314 903.81206 -529.39907 1.66469 -1.40266 1.74977
567 0.00000 -360.82639 806.45660 489.98482 -0.55794 -1.08165 2.23884
568 0.00000 -537.45424 757.38537 -839.20080 0.42957 -2.41145 0.98818
569 0.00000 666.86896 366.54120 191.95691 0.74575 -1.58748 2.46041
570 0.00000 -145.56642 386.30868 -317.53303 -0.94474 -2.08572 2.42060
571 0.00000 719.04713 965.62728 -805.58368 -0.14744 -1.95174 -0.28072
572 0.00000 -422.81148 -180.07607 753.79723 -0.11406 -1.56109 1.74739
573 0.00000 -278.82120 585.23267 485.27015 0.90190 -0.33488 1.75516
574 0.00000 706.33772 -726.38513 -905.58147 -0.82174 0.09929 2.28343
575 0.00000 862.50812 -777.48107 584.80834 -1.77373 -1.32758 -1.75759
576 0.00000 -920.95430 -299.35063 -526.72375 0.27707 0.34209 0.44497
577 0.00000 -121.82219 157.63916 229.03859 -2.39864 -1.89326 0.68891
578 0.00000 -289.98669 717.65016 198.84569 2.09516 -2.43163 -1.76332
579 0.00000 215.37125 551.26720 -959.49134 0.45345 2.02214 -1.95023
580 0.00000 312.51939 -258.26535 -518.63281 -1.48125 1.26672 0.59243
581 0.00000 -793.47412 479.39215 273.50133 -0.54492 -1.19785 2.04177
582 0.00000 558.62142 -376.07880 505.72197 -0.73329 -0.27364 -0.34477
583 0.00000 327.86807 -49.18950 -27.17338 0.72720 2.30926 1.04738
584 0.00000 517.56185 -54.41049 -796.92097 -1.03413 0.50376 0.33718
585 0.00000 -684.22400 266.31869 -19.91007 -0.97973 -2.12108 -0.49755
586 0.00000 -397.48285 853.79174 -756.69686 0.51621 2.17200 2.38757
587 0.00000 -51.43549 871.88220 657.60315 -1.82116 0.59711 -1.57837
588 0.00000 510.29148 -961.87027 -279.26162 -1.43856 0.15505 -0.09266
589 0.00000 -218.63752 -958.66711 -902.06749 2.36838 -2.15429 1.21194
590 0.00000 -144.58538 132.96887 27.35690 0.02715 0.75260 0.34315
591 0.00000 -69.86103 628.24508 375.24116 2.47284 0.41073 2.32132
592 0.00000 27.81130 -911.67211 -409.68937 1.55198 0.22256 0.34243
593 0.00000 -814.01067 -709.86600 58.96394 0.14377 2.23787 -0.03532
594 0.00000 857.25959 -335.71516 -992.95048 -1.86002 -1.15560 -0.52718
595 0.00000 832.40934 -572.46824 -830.47568 -0.71059 0.38441 -1.92835
596 0.00000 596.37514 687.99865 -100.87319 1.26452 -1.42505 -1.47055
597 0.00000 -415.11122 -106.56357 6.38605 2.32348 -0.69447 2.48472
598 0.00000 696.76426 -994.00115 -420.74606 -2.44630 1.54862 1.64945
599 0.00000 -188.73007 -427.91129 817.86081 -1.18150 -0.00055 -1.77963
600 0.00000 978.76685 -176.86560 909.29738 -1.42669 -0.78777 1.08127
601 0.00000 -428.60866 -379.74311 305.35573 2.40948 1.65796 1.17032
602 0.00000 234.10645 137.38422 -771.86385 1.37485 -1.48357 -0.88513
603 0.00000 776.59660 -446.58323 646.56062 -2.26917 1.30670 2.34809
604 0.00000 -144.09175 -125.56642 -89.03144 -1.97255 -0.72566 0.83977
605 0.00000 302.27902 -749.37761 -245.18915 2.11077 0.26830 0.45770
606 0.00000 564.53009 705.08598 -355.55430 -0.15738 2.43099 -0.54029
607 0.00000 653.14520 -849.61903 742.76066 -2.26584 -1.05306 0.24816
608 0.00000 117.99943 47.17382 845.11790 1.84360 0.07798 0.46155
609 0.00000 840.97776 -544.44289 -902.39216 -1.89484 -2.42898 2.00302
610 0.00000 -398.92408 -562.39173 675.07098 0.38946 -1.65465 -0.46926
611 0.00000 208.58009 92.55290 806.82183 0.71567 0.52971 1.11013
612 0.00000 368.53753 434.36796 -797.11191 -1.40416 -0.80306 -2.31644
613 0.00000 879.19845 173.32773 861.09573 -0.55263 1.63830 0.93165
614 0.00000 532.76160 797.60237 824.77776 1.91339 2.17465 1.77500
615 0.00000 -862.65813 -360.80870 910.82157 1.38230 1.98203 2.14997
616 0.00000 926.67535 -392.39035 -918.51163 -0.21771 2.34269 -1.53985
617 0.00000 860.07892 146.53796 -319.34786 1.05849 -0.77374 1.89615
618 0.00000 975.36163 -153.86805 410.43976 -0.49482 0.47325 1.39605
619 0.00000 982.42521 408.35909 59.90030 -1.97751 -1.75394 -1.50030
620 0.00000 37.20981 -456.64805 -832.01209 -1.25762 -1.02916 0.98095
621 0.00000 146.44709 904.45174 487.53041 -2.22101 1.92082 0.44393
622 0.00000 199.83964 479.78342 -752.34082 -0.60187 -2.48846 0.68927
623 0.00000 -406.57115 -623.78923 -218.35423 -2.35220 0.51700 2.33351
624 0.00000 -977.60204 936.27048 -307.87613 0.45079 1.35133 -1.63233
625 0.00000 -49.97290 948.97064 -429.38948 0.61092 0.44244 -0.47311
626 0.00000 852.39582 -886.27054 670.92152 -0.91222 -1.54240 0.24467
627 0.00000 -306.83612 -414.41887 -443.59469 0.41860 -0.65713 1.83868
628 0.00000 131.15704 552.87985 -447.52686 1.80916 2.18710 1.06129
629 0.00000 484.94710 846.65720 512.61510 0.54656 -0.71336 0.50276
630 0.00000 749.90076 -837.08403 -85.59345 -1.64857 2.05467 0.12033
631 0.00000 721.06969 888.66803 517.39859 2.44378 -1.09788 -2.28954
632 0.00000 271.50134 614.15208 -740.13402 -1.06330 -0.47776 -0.78667
633 0.00000 -635.44207 -459.15005 -222.63504 -1.86822 -2.13501 1.59867
634 0.00000 -706.48959 271.33208 -331.04042 -2.21659 2.15763 0.01167
635 0.00000 456.11534 114.53990 108.76571 -0.35601 -2.22082 1.77778
636 0.00000 -319.83446 21.80329 -492.52602 2.20097 1.65394 -2.00964
637 0.00000 -558.52077 872.89809 -7.73526 1.92806 2.10831 -0.98488
638 0.00000 -204.18378 -289.24911 607.31130 1.23494 2.41794 0.63176
639 0.00000 695.71345 -166.06019 12.17219 -0.85148 -0.85451 -1.78526
640 0.00000 13.59909 165.29697 -719.03446 -0.38238 -2.27584 -1.52668
641 0.00000 -371.62329 -574.60665 -31.85071 0.58241 -0.73805 1.34292
642 0.00000 -142.75773 -451.50604 -726.47906 -2.49398 0.92300 2.15155
643 0.00000 -35.04078 -680.41239 638.72490 2.49283 1.16929 -2.33721
644 0.00000 260.61822 460.47096 192.37399 -2.14415 -1.53487 -0.42974
645 0.00000 765.55530 -749.19112 484.83839 -2.01087 -1.41297 1.99628
646 0.00000 285.76913 650.72197 -887.84178 2.37961 -2.18623 2.37630
647 0.00000 -129.99689 828.72296 -222.41105 0.37174 0.85402 1.83251
648 0.00000 -308.25773 -43.29557 -517.91053 0.28480 -2.08982 -1.91646
649 0.00000 -752.17173 63.80989 990.14269 -1.51391 1.65939 -2.07341
650 0.00000 487.34621 840.74227 737.46500 0.74800 -2.25421 -1.70069
651 0.00000 566.87963 -70.13481 -444.72523 -0.13535 2.39279 0.26237
652 0.00000 875.79871 612.39125 -223.74681 -1.32731 1.48989 1.53809
653 0.00000 301.46932 105.06924 769.16769 -0.80134 -1.72493 -2.06231
654 0.00000 -551.47744 637.40550 -170.91420 1.59770 -1.60558 2.03648
655 0.00000 435.26890 808.67098 -152.25840 2.09251 -0.77055 0.84564
656 0.00000 -126.01418 -6.76739 -740.89917 2.40366 1.00406 -1.49083
657 0.00000 694.05826 196.13746 232.76758 1.50135 0.90451 1.89111
658 0.00000 951.99125 -494.57232 -414.14400 -0.37919 1.65615 -1.65446
659 0.00000 -314.33929 -265.66979 996.20927 -1.06019 -2.36170 -0.64718
660 0.00000 -677.93691 923.23612 -948.96467 0.28174 1.52458 0.60136
661 0.00000 -997.92085 490.06611 -854.17134 1.44913 0.62576 1.04797
662 0.00000 776.75310 -196.29886 497.24480 -1.80228 1.19057 -1.86002
663 0.00000 634.04720 765.58826 645.60461 -2.23611 -0.10702 0.34972
664 0.00000 86.87129 -915.98967 311.85829 -0.86501 0.85611 -0.06865
665 0.00000 -327.43439 -108.50505 -531.65497 -1.42490 -1.99670 -0.35358
666 0.00000 -972.74453 104.02895 65.36973 -2.24742 2.21225 1.08635
667 0.00000 -68.45623 930.33069 -786.49865 -1.50076 -0.80982 -1.11058
668 0.00000 -295.42317 578.46469 62.50310 -0.49195 1.70249 1.71568
669 0.00000 552.57029 183.41625 -748.37804 0.97535 1.76152 -0.22798
670 0.00000 26.66758 -460.58935 -853.30636 2.48000 -0.80811 -1.72499
671 0.00000 -660.58771 501.49719 452.86276 0.99388 -1.07734 1.09026
672 0.00000 -625.52344 685.02159 -392.64845 -0.96330 1.58104 0.21297
673 0.00000 -847.35868 -330.17811 -467.01501 0.40002 0.00380 -0.35827
674 0.00000 100.13567 15.97633 -240.19002 -2.05157 -0.10603 -0.06403
675 0.00000 -690.76487 269.74099 -723.52851 -1.14362 -2.13139 -1.48657
676 0.00000 731.24854 -82.73458 486.59328 -0.19642 2.12058 -1.02366
677 0.00000 103.67920 829.39685 -76.59146 1.80346 1.37235 -0.25626
678 0.00000 -71.29127 694.30635 352.73367 0.45113 -1.90937 -2.11658
679 0.00000 -582.27192 101.36927 257.66568 0.74456 -0.03297 0.75201
680 0.00000 -305.03792 817.75313 487.57187 -1.60648 -0.92666 -2.33899
681 0.00000 -843.01417 -977.79574 -586.01561 -1.20886 -1.22276 -1.65623
682 0.00000 566.03523 -440.11621 -996.24568 -0.24799 2.05979 1.07873
683 0.00000 -856.78457 -734.10878 146.97692 -1.00311 -2.42587 -1.97222
684 0.00000 -899.67264 95.61684 368.67571 -1.47253 -0.65069 2.16613
685 0.00000 837.22765 -900.68412 141.44361 2.12924 0.69155 0.33242
686 0.00000 925.97468 231.72355 -829.10429 -2.46814 2.16892 -2.31376
687 0.00000 -198.58358 12.08554 572.27461 2.18925 -0.78310 1.47013
688 0.00000 -715.46496 -728.18906 -51.43942 -1.16872 -2.10968 1.40547
689 0.00000 152.46286 920.23932 -232.03757 -0.44134 -2.06199 1.65192
690 0.00000 82.73761 -937.82337 -737.13313 -1.75609 -0.45179 -1.25065
691 0.00000 -250.32574 -642.64282 -781.63480 -1.75150 1.60547 -1.95213
692 0.00000 -662.26509 433.59494 -285.56801 0.46170 1.41002 1.98623
693 0.00000 151.41153 801.52447 -247.40881 -0.66246 0.67415 0.84223
694 0.00000 992.95163 308.87130 174.77167 0.98429 1.39525 0.85545
695 0.00000 -68.09621 64.92723 185.26374 0.37647 0.69760 2.43420
696 0.00000 -238.61024 817.04611 960.12949 -0.16887 -0.25736 -1.97277
697 0.00000 840.89408 -170.84111 -766.74309 -2.39489 1.79931 0.48123
698 0.00000 511.13925 -35.72183 -982.85497 1.69270 1.39675 -1.35196
699 0.00000 -75.43157 76.68720 266.66861 -1.46288 1.39858 0.76366
700 0.00000 407.35636 -361.75770 142.27795 -0.63494 -0.52029 0.90787
701 0.00000 -796.67755 -208.72764 712.66852 0.88978 0.44216 0.54044
702 0.00000 268.10876 583.94545 376.84820 -0.98688 -1.19047 0.90228
703 0.00000 837.21918 52.24371 652.12636 -2.04179 1.87417 1.62658
704 0.00000 -472.51609 -419.55424 753.03350 0.49902 0.22554 1.05554
705 0.00000 -544.25895 331.63596 357.69356 0.89465 -0.56260 2.21710
706 0.00000 -760.65821 561.38358 619.27525 -1.94617 2.17306 0.00585
707 0.00000 -875.62667 -835.67218 581.31907 -1.60446 1.08397 -0.53686
708 0.00000 -131.45468 -612.17794 113.10298 -0.50475 1.26859 -1.24823
709 0.00000 627.80770 -93.34455 80.77443 1.22425 -1.51540 1.96036
710 0.00000 724.68713 -309.02331 -42.99030 1.35354 1.22888 -1.73436
711 0.00000 343.26586 937.41008 105.82370 0.92403 2.38936 -1.96519
712 0.00000 456.30138 -938.49165 -234.25218 -2.37788 -1.53601 2.06064
713 0.00000 624.05153 403.39367 836.52679 -2.07488 -2.07384 0.11526
714 0.00000 181.76146 65.03104 754.46924 -1.25532 -1.49993 -1.80825
715 0.00000 -944.87981 507.81743 -657.63411 2.46533 1.47034 -1.29309
716 0.00000 398.65035 -226.88727 -355.58966 0.11260 -0.47389 1.83169
717 0.00000 908.11387 -770.15210 -46.09075 0.99084 -1.82673 -1.75165
718 0.00000 507.96405 577.40604 431.69406 -1.11160 -2.22597 -0.43234
719 0.00000 220.04183 129.23202 310.79863 -0.69443 -1.13771 1.64583
720 0.00000 -571.48890 884.48943 980.77316 1.78529 -0.58564 -1.20078
721 0.00000 -517.24767 947.37169 -129.78928 -1.63296 -1.71108 -1.50243
722 0.00000 672.02544 -903.07276 334.64901 -0.06887 -2.41165 0.56056
723 0.00000 734.47522 -624.30350 -843.82114 -1.14869 -1.63431 2.08941
724 0.00000 -998.13677 645.17717 49.33833 2.04316 1.33871 -1.18409
725 0.00000 -204.74156 900.84992 -243.24813 -1.28401 -1.69824 1.01376
726 0.00000 -685.20086 749.73269 606.96700 -0.60403 -2.09422 0.68407
727 0.00000 883.44505 -849.18958 -767.03798 -0.15718 2.45249 1.88992
728 0.00000 330.78387 567.55905 -443.23671 -0.71424 -2.27837 2.11977
729 0.00000 27.52718 722.13607 692.80209 1.35028 -1.60257 0.55975
730 0.00000 -423.83855 -212.65389 255.74070 -2.00945 0.01040 1.13392
731 0.00000 979.78654 -135.62878 235.64035 -1.49946 -1.08042 1.95715
732 0.00000 79.52561 576.93493 -862.72661 1.83529 -1.56819 -0.14604
733 0.00000 999.85431 -457.44947 -109.19543 0.41103 -0.21964 -1.59344
734 0.00000 -617.88129 11.03877 -647.63421 0.22613 -0.00615 -0.46965
735 0.00000 -993.11176 727.17316 698.89551 1.78114 -0.22762 1.70085
736 0.00000 460.56392 716.63764 961.80985 -1.59064 -0.44543 -0.30987
737 0.00000 995.30313 49.68246 138.92796 0.49392 1.52903 -1.33509
738 0.00000 324.99726 -460.02811 235.51387 -1.07282 -2.18700 0.97324
739 0.00000 -772.01828 87.09834 -108.70341 -0.47331 2.02308 0.08905
740 0.00000 -898.92100 -650.65798 -557.27427 1.23967 -0.14448 -1.70053
741 0.00000 989.84927 -661.65934 -690.51403 1.69108 -1.29614 0.35907
742 0.00000 186.49618 -418.49275 -314.21172 -0.52611 2.49893 -0.95058
743 0.00000 432.82173 82.30283 -86.56344 2.49117 1.31731 -1.52226
744 0.00000 -541.21087 -806.22590 -45.37531 2.46496 -0.68276 0.11783
745 0.00000 -542.22196 935.80690 892.30186 2.20303 0.34475 1.86435
746 0.00000 16.69314 92.58371 -999.98209 0.53011 1.53253 0.16892
747 0.00000 -698.03396 191.12886 526.68740 1.15276 -0.93060 -1.34066
748 0.00000 62.85247 -882.09874 -695.08680 -0.55918 2.28348 -1.69185
749 0.00000 578.22415 -502.68696 252.43822 -0.74509 1.66781 -1.95412
750 0.00000 113.41859 -712.34904 -281.35754 -1.81665 1.05312 -1.91421
751 0.00000 -727.52718 -716.26276 47.09157 2.05302 0.38317 0.60856
752 0.00000 -640.46269 731.90621 -106.97878 -1.08144 0.88654 -0.73624
753 0.00000 -137.18506 -156.56991 963.34109 0.04256 -0.61318 0.73866
754 0.00000 123.88202 277.49820 -3.03222 -0.81874 -1.04194 -2.36337
755 0.00000 -767.11414 -225.11980 942.51246 -2.03416 2.12715 -1.14661
756 0.00000 -143.92999 142.15962 928.83639 2.32991 -1.01459 0.16640
757 0.00000 128.24640 768.27307 974.30641 -0.48406 1.96790 0.13829
758 0.00000 -47.16656 985.04947 -113.33904 -1.28643 -1.57953 -2.27327
759 0.00000 -959.46575 664.00944 -961.81277 0.75862 -1.29406 -0.83604
760 0.00000 -287.19075 176.35238 416.44925 -2.02001 2.44851 1.78039
761 0.00000 -925.54861 -975.71951 379.99061 1.75112 0.72029 1.66482
762 0.00000 926.02237 986.76135 -648.53812 -0.41779 2.36626 2.22265
763 0.00000 -844.91695 -695.09160 -778.47519 1.27734 2.49064 -2.48423
764 0.00000 -236.07336 552.86059 -226.30117 2.14098 -0.78621 -1.49071
765 0.00000 459.03157 -355.24721 691.34048 -0.04604 1.88929 -1.29531
766 0.00000 179.61961 -162.62787 -42.40337 -0.62158 0.69296 -1.96691
767 0.00000 817.08115 252.13712 -755.48976 0.91931 0.25762 0.10599
768 0.00000 561.45526 -654.82305 581.55884 -2.23924 1.88003 -1.23270
769 0.00000 387.65422 735.62880 -63.83141 -1.60529 -2.11333 -0.79591
770 0.00000 862.21385 316.26365 -676.56571 1.47425 -0.78705 -1.91358
771 0.00000 -771.48212 184.16271 328.52823 -0.95457 1.48427 -1.66280
772 0.00000 485.42848 -808.14847 -62.00849 1.41816 2.23093 -0.42848
773 0.00000 -745.82364 561.47577 -511.09152 2.18141 2.46780 -0.81250
774 0.00000 723.51127 -623.79740 114.65300 -1.33192 0.41725 -0.58686
775 0.00000 -489.71170 -53.21545 911.67490 -1.74241 1.65519 0.72073
776 0.00000 -514.23434 740.96072 -655.89627 0.14321 0.11638 -0.59596
777 0.00000 -238.08842 -715.57314 -511.40890 0.51422 2.37024 -1.82129
778 0.00000 134.62957 96.48788 -46.16242 0.29650 1.12578 0.51358
779 0.00000 -231.61467 503.40048 127.03393 -2.36592 -0.25604 2.19559
780 0.00000 -637.63121 802.15067 787.46369 1.38262 1.83828 -0.44704
781 0.00000 -933.06634 844.60751 514.80077 2.18822 -0.88628 0.91503
782 0.00000 656.92916 801.84157 913.85693 0.90420 1.38735 -0.12784
783 0.00000 -198.62646 -19.24827 -123.77480 -2.41713 0.24723 -0.31004
784 0.00000 381.40850 -611.93687 872.41641 0.57703 1.65150 1.84796
785 0.00000 -963.46315 -152.99322 240.96241 -1.62147 -0.53786 2.09846
786 0.00000 623.92013 -52.47872 151.06162 -0.96258 -2.48682 1.84398
787 0.00000 345.00699 304.24353 -293.57797 -0.98849 0.24587 -1.81197
788 0.00000 61.44619 -158.02471 -573.60958 -2.00669 -1.78525 0.03321
789 0.00000 789.01923 311.13181 337.20530 0.40426 -2.39150 -2.14302
790 0.00000 -905.86580 -20.64781 489.24230 -1.82871 1.59389 1.26910
791 0.00000 408.80215 890.15782 792.08834 0.56047 0.68635 0.01328
792 0.00000 -664.98359 258.28459 587.96690 0.33380 2.01195 -0.10112
793 0.00000 -361.69927 -26.33476 -801.73889 -0.90708 0.09643 2.08913
794 0.00000 878.24089 905.19704 459.95993 -1.08278 0.14770 -0.83503
795 0.00000 680.81302 720.01354 -690.61230 0.89470 -0.75888 0.80136
796 0.00000 166.65280 361.05438 -802.00451 -1.13818 1.19286 -1.57384
797 0.00000 202.61165 -851.44084 -867.28409 -0.98174 -1.54872 -2.17151
798 0.00000 570.23922 -125.26320 -238.67616 1.82288 2.38918 1.59860
799 0.00000 -524.68819 -300.45745 -516.69041 0.54273 -2.42719 0.91581
800 0.00000 322.72822 -235.31620 172.00021 -0.88419 1.18118 -1.45348
801 0.00000 -951.26519 714.95970 -544.33044 -1.51613 -1.51041 0.95315
802 0.00000 804.17579 -527.76049 502.99176 1.64538 2.27309 2.22412
803 0.00000 -967.55611 645.10859 566.31736 -0.88571 0.97967 -1.66430
804 0.00000 -717.79662 -190.79470 883.75246 -1.37529 0.52465 -0.70329
805 0.00000 470.73174 -405.25441 -608.00765 2.32204 0.22844 -2.06925
806 0.00000 587.16580 -733.28458 -866.71652 -2.12453 -1.73563 0.66636
807 0.00000 976.24431 602.57557 -513.76954 0.93012 1.18887 0.65819
808 0.00000 614.16428 446.47707 -439.35954 -2.14022 -0.29430 -2.18544
809 0.00000 -604.68116 -73.50218 -745.67131 -2.36266 -2.26402 -1.73055
810 0.00000 -760.08704 -122.93177 -672.22915 0.56689 0.25756 1.45230
811 0.00000 703.71114 -689.09932 720.91593 -1.53946 1.60309 -1.43115
812 0.00000 -377.83543 551.31012 900.47723 -0.21597 1.94836 1.89539
813 0.00000 366.46641 -427.00381 -888.64870 -0.68353 1.78121 -0.33817
814 0.00000 642.44935 -696.61442 334.43085 0.54348 1.30546 -0.51870
815 0.00000 -917.73276 754.14384 -998.37322 2.27353 -0.38597 -0.88020
816 0.00000 -112.13383 157.66483 -911.31447 0.27192 -2.27945 0.23073
817 0.00000 -938.60090 -570.51003 867.25320 -1.66203 1.54341 -2.09616
818 0.00000 -755.28404 -143.24055 -103.71988 -0.17423 -1.71388 -2.29451
819 0.00000 324.29135 23.80418 270.36548 0.31930 1.87312 -1.43759
820 0.00000 -913.24752 -665.88741 -34.75423 2.36464 2.33530 0.52490
821 0.00000 32.54603 24.28843 -576.03893 -0.73895 -2.21514 0.60334
822 0.00000 519.07942 975.31245 -115.29901 1.07067 -1.33388 2.01694
823 0.00000 556.49060 737.54559 -301.19735 1.44106 1.27715 1.87781
824 0.00000 -503.98600 -228.35548 -714.33557 -2.48681 -1.29186 -1.72479
825 0.00000 206.73602 -866.34033 829.69725 2.36817 1.54762 -1.01075
826 0.00000 432.16991 -329.00234 729.28212 1.82991 -0.44390 -2.29068
827 0.00000 994.70469 -391.84091 -31.32719 -0.66895 -0.69293 -0.95890
828 0.00000 -580.65214 -698.90813 -979.76675 -0.36674 0.41355 -2.13981
829 0.00000 -362.85005 -648.70273 287.13740 -1.57216 2.38648 1.59651
830 0.00000 341.43439 -115.13459 -991.29528 -2.00229 -2.37629 1.61310
831 0.00000 772.59314 -439.65406 -431.50703 -0.87917 1.08709 -0.54912
832 0.00000 488.05092 -323.17021 -594.94576 -0.98161 -1.04963 1.64886
833 0.00000 -307.05696 -318.71732 507.94861 1.67334 -2.15621 1.83341
834 0.00000 -536.86109 578.30243 -372.97340 -0.46164 -2.08116 -1.19703
835 0.00000 -79.92383 -596.76643 -77.76607 -1.89603 -0.00100 0.35567
836 0.00000 55.99622 -478.03232 934.53285 2.27396 -2.00476 -0.46407
837 0.00000 302.78281 35.67339 285.47542 -1.34980 -0.32055 -2.19434
838 0.00000 465.06659 115.25454 555.93377 2.49189 -2.17775 0.08486
839 0.00000 501.35873 177.36601 866.34477 0.43025 -0.97815 -1.77239
840 0.00000 -256.71117 822.80757 -575.06583 0.82968 -0.33452 0.62240
841 0.00000 115.43775 584.74804 -983.48377 0.71907 0.96015 0.67421
842 0.00000 -679.15269 -784.55444 -746.75288 2.05151 -1.87297 1.56138
843 0.00000 -807.52379 175.76426 -200.10263 -1.08718 0.51040 -1.44384
844 0.00000 -888.95325 669.88496 968.30121 2.01282 -0.92998 -0.87111
845 0.00000 945.89529 854.05965 -694.81020 -0.87198 -1.38411 -2.19595
846 0.00000 522.10726 -957.24224 951.68468 -0.32061 0.60401 -2.43626
847 0.00000 -896.42429 -332.23396 48.21577 -0.06770 -2.26517 -0.42211
848 0.00000 407.83858 -495.24408 -293.90470 -0.05160 -1.44673 0.75698
849 0.00000 -801.36610 -379.35082 105.09085 -1.74549 -0.84060 0.87595
850 0.00000 -698.19868 585.00421 -973.61986 2.49748 -0.00603 -2.41574
851 0.00000 -711.95072 -917.60088 -466.46823 0.81961 1.51817 -1.07658
852 0.00000 325.55496 -887.63688 93.70277 0.35749 0.13552 2.20448
853 0.00000 200.02248 24.75464 -49.73690 -1.46619 -2.22183 0.96476
854 0.00000 -754.19450 -882.98053 491.61505 1.59270 -0.70815 -2.49096
855 0.00000 28.26436 61.27325 -562.17260 -0.44727 -0.59421 0.66136
856 0.00000 866.41171 -148.71434 -135.03870 -2.31521 -2.17507 1.35114
857 0.00000 427.26959 330.25691 189.51414 1.11985 0.29288 -1.00738
858 0.00000 -288.60708 -396.81017 552.18646 0.26398 -2.00671 -1.26238
859 0.00000 7.24842 -537.28998 173.83260 0.97976 1.65374 -1.82748
860 0.00000 172.89162 353.26370 733.24164 1.99247 -0.42398 -0.36821
861 0.00000 -453.40005 731.26263 708.54230 0.24550 0.30844 1.31084
862 0.00000 793.36323 706.54573 -186.47430 1.31183 -1.26521 2.40864
863 0.00000 -77.68628 -496.67905 275.79464 0.64741 2.15558 2.49990
864 0.00000 -588.47272 -435.05470 21.97262 0.84640 -2.08080 -0.06255
865 0.00000 206.09548 851.85363 -366.34605 -0.76895 0.45428 1.40163
866 0.00000 503.95663 -360.00536 45.74565 0.33709 0.67321 1.79808
867 0.00000 141.42204 -793.33817 861.86375 -2.37255 -0.25566 -1.43910
868 0.00000 -853.91652 -628.46963 730.97194 -0.92704 2.25523 1.47865
869 0.00000 717.16335 254.29452 -983.62243 -0.47387 2.33055 1.99074
870 0.00000 874.47458 913.34501 -797.67427 -0.83884 -2.31294 -1.60462
871 0.00000 889.53052 -881.50264 759.77389 1.67663 -2.45854 1.56566
872 0.00000 -318.54202 735.82430 242.31019 -1.40503 -1.63708 1.00517
873 0.00000 128.95507 240.53782 -857.65174 -1.53263 -0.71160 0.76282
874 0.00000 222.86916 305.12810 -440.69499 -0.96487 -1.60535 1.45240
875 0.00000 351.13342 -429.04455 515.27067 -0.97621 1.05183 1.37809
876 0.00000 669.32277 -196.21895 -308.92539 -0.32903 2.29720 -2.44175
877 0.00000 -76.43263 -579.76986 -401.67202 2.42432 -0.95711 0.33473
878 0.00000 832.59491 393.87508 -428.96638 2.27583 1.66205 -0.84734
879 0.00000 -31.24389 -670.80726 -608.13674 1.85746 0.96941 2.33340
880 0.00000 339.09279 483.17657 203.79160 0.13755 -0.82574 1.13774
881 0.00000 742.77733 -754.91869 612.95446 -2.35404 1.66713 -1.58784
882 0.00000 -35.85874 -875.96442 -729.83004 -0.47321 -1.85416 -2.38222
883 0.00000 257.69786 528.60979 -227.49237 -0.69678 1.97770 0.16550
884 0.00000 400.21869 91.90647 774.28762 -0.15087 -0.85943 1.90923
885 0.00000 800.36776 629.23689 561.98256 1.78507 -1.91339 1.36071
886 0.00000 350.95538 454.58551 -234.64254 2.31496 1.12840 1.55396
887 0.00000 -889.73860 -63.53300 535.35420 -1.75685 -2.30908 -1.49096
888 0.00000 -574.39985 123.69459 -536.28629 2.42357 1.01735 -0.68226
889 0.00000 956.86226 161.71442 -756.02808 -2.28353 -1.75161 -0.06314
890 0.00000 -228.55000 81.52850 9.88598 -1.04049 -2.44895 1.96447
891 0.00000 -159.81118 958.71912 454.81286 -1.57013 2.40458 -1.76457
892 0.00000 925.31034 911.14124 494.58280 2.48633 0.56346 2.07088
893 0.00000 -787.90442 223.20842 -751.38097 -0.67692 2.00595 -1.61756
894 0.00000 -439.59278 -652.93399 224.65320 -2.45379 0.82444 2.41143
895 0.00000 656.20450 951.92815 -373.29351 -0.75296 -1.11404 -0.26510
896 0.00000 532.67734 469.43790 179.46511 -1.43015 -1.73743 1.89281
897 0.00000 -732.60535 -685.86211 -595.48130 1.46284 0.33670 -1.56834
898 0.00000 -142.65872 250.34754 -276.14554 -0.58409 0.06964 -1.08227
899 0.00000 850.18008 933.83786 392.03809 -0.42263 0.25163 -1.88382
900 0.00000 -478.95625 82.75505 -725.49437 1.65808 0.00849 0.85613
901 0.00000 203.31303 755.79275 196.59989 0.09262 0.86142 0.32163
902 0.00000 617.82573 -53.28809 -500.80060 -0.72468 1.22408 0.14217
903 0.00000 97.28647 -264.71740 -199.71601 0.62578 1.10228 0.67062
904 0.00000 -238.89292 -541.51203 520.21099 -1.71797 -0.54303 1.92623
905 0.00000 240.96642 492.23511 -275.60905 2.23776 0.53135 -0.80143
906 0.00000 -318.38664 924.02343 -801.53245 2.17978 2.14356 -2.00618
907 0.00000 683.84821 585.71770 -670.07907 1.05632 -0.92121 -0.54135
908 0.00000 -513.36302 328.08198 -566.98497 -2.47885 -1.00937 -0.30664
909 0.00000 -985.24480 984.47204 -336.34423 2.45785 0.53639 -1.75365
910 0.00000 935.14758 762.89211 692.83702 0.52905 -0.50572 -0.23042
911 0.00000 863.88465 -567.64808 81.78802 0.67585 1.29674 2.31557
912 0.00000 340.69402 179.84625 657.61930 1.79994 -0.46094 0.43541
913 0.00000 -524.17873 605.07569 -165.86801 0.23356 -0.01198 -0.95834
914 0.00000 829.03375 -174.91807 -461.77064 0.74212 1.06446 1.67479
915 0.00000 578.58575 701.31602 896.97044 -0.10952 -1.82317 -0.74177
916 0.00000 868.97497 107.88020 58.99318 -1.84978 0.77831 2.31148
917 0.00000 -518.46869 -73.87024 964.91720 -0.60350 0.04910 -1.17118
918 0.00000 -430.37683 -189.63760 -304.16040 -0.19106 0.88065 2.30247
919 0.00000 -344.59100 -159.08716 28.36924 -0.18555 -0.42617 -2.14222
920 0.00000 384.55321 -643.70820 -340.27763 -1.18491 2.36229 1.41926
921 0.00000 -302.94086 -67.71068 -811.33778 0.03477 -0.60858 -1.27382
922 0.00000 -789.04730 -612.61768 -390.07347 -1.36171 -0.80906 2.26780
923 0.00000 455.37033 801.25062 866.61389 1.00616 -1.75779 1.60208
924 0.00000 -636.55537 -534.23296 -563.55233 1.31460 -0.06187 1.20116
925 0.00000 988.61652 621.47487 827.75603 -2.13459 1.00911 -2.13248
926 0.00000 -910.11643 132.83447 -531.41941 0.97235 1.13641 -1.37107
927 0.00000 864.45590 364.25175 -914.15090 2.36648 0.52937 -0.39392
928 0.00000 -220.74341 -274.68615 441.39672 1.60813 -1.65750 -0.81901
929 0.00000 -991.16682 432.35343 778.02049 -0.33871 1.13921 -0.74238
930 0.00000 -556.00900 -269.35327 -389.86094 -1.62504 -1.28104 -2.07923
931 0.00000 419.51424 -717.76604 673.94344 -1.12238 1.03740 1.75486
932 0.00000 -117.89941 332.03247 239.23996 -1.44690 -0.26515 -1.97868
933 0.00000 178.88415 -996.10253 831.22712 -2.12875 -2.07972 0.50952
934 0.00000 -314.94942 296.38647 -560.39802 -1.42691 -2.07883 -0.35955
935 0.00000 795.38740 591.80903 -221.86821 -2.23104 -1.79467 -0.10014
936 0.00000 369.85909 82.59985 102.88951 0.63354 1.52891 -1.80902
937 0.00000 -729.03216 -427.15773 -215.36763 -2.13156 1.93192 1.36923
938 0.00000 148.51927 -432.85502 -913.27835 -0.45129 1.65275 -2.12937
939 0.00000 731.00910 -769.11619 -957.56185 1.65490 -1.25805 -0.46166
940 0.00000 559.02615 281.47169 -662.43435 1.57978 0.07848 0.09030
941 0.00000 -867.69112 -651.22360 -42.91096 -0.88627 -2.19928 2.10174
942 0.00000 -953.06346 -397.60215 -507.28961 1.85984 -1.06416 2.23191
943 0.00000 349.43764 67.15570 -643.09712 1.80041 1.24909 2.05868
944 0.00000 -964.30261 329.26178 686.64678 0.84037 -1.62650 0.95988
945 0.00000 706.13275 -592.88636 -427.63024 2.09592 2.28361 0.93696
946 0.00000 -33.89538 -573.05399 -746.81172 1.45998 -0.74437 0.57940
947 0.00000 164.89646 98.41201 -325.78795 -0.13229 -0.03101 -0.68669
948 0.00000 -935.03780 804.46762 -935.69196 2.45040 1.12831 -0.94273
949 0.00000 -330.63664 578.06743 292.50469 -1.73219 -0.95671 0.07815
950 0.00000 319.35957 730.49373 -117.92398 1.87791 -1.11135 -1.73718
951 0.00000 960.46842 344.33462 -153.87815 -1.30351 -1.02451 -0.54360
952 0.00000 -679.38376 826.90681 -685.29537 -1.64473 0.85413 -0.17668
953 0.00000 729.80818 -556.73107 -125.02741 -1.45237 -0.70138 -2.23466
954 0.00000 280.66094 516.69860 -36.93402 -0.29815 -1.96054 0.47432
955 0.00000 -274.68598 -282.08503 447.26465 0.18020 -1.46811 0.34490
956 0.00000 -749.36903 477.63753 -894.82947 1.73822 1.20009 2.33364
957 0.00000 861.42446 -333.27174 -418.88389 1.42274 -1.86837 0.36978
958 0.00000 795.75545 157.08222 402.68885 0.65201 1.97296 -0.35378
959 0.00000 176.95520 -560.37380 481.15853 1.98286 -0.66970 0.05289
960 0.00000 311.80450 348.80515 303.17612 -1.68725 -1.97779 -0.86235
961 0.00000 215.23855 -731.92421 249.80289 -1.52148 0.34640 1.06047
962 0.00000 -50.10778 -263.04152 332.06128 2.38708 0.54165 2.02156
963 0.00000 -179.67214 412.56271 -40.36747 1.49802 -1.19286 0.39905
964 0.00000 22.02970 -781.16851 76.40756 1.57314 -1.86992 0.12281
965 0.00000 -369.38607 -433.30044 764.78616 1.33268 -1.94692 2.25662
966 0.00000 -233.74707 80.51951 -393.03842 2.45610 2.49839 0.38574
967 0.00000 627.10761 744.28816 324.52598 2.04818 -0.64686 1.15142
968 0.00000 572.94284 -152.04862 203.23516 -1.28850 1.96287 -0.51437
969 0.00000 95.92880 -194.96946 -104.06395 1.17481 2.09468 0.12942
970 0.00000 -82.87109 -991.71069 588.19455 -2.47883 -0.77344 -1.18441
971 0.00000 -919.65281 -174.84995 -748.73879 2.48039 0.27625 -1.33876
972 0.00000 -391.09161 -900.17886 -789.28384 0.02147 -1.55200 -1.33158
973 0.00000 3.06761 786.48700 242.68856 1.62257 0.87884 -0.64580
974 0.00000 501.10955 -818.96634 -663.28301 -2.30555 -0.05508 -0.75851
975 0.00000 -348.21321 -983.66500 456.49328 1.28374 -0.10470 -2.38636
976 0.00000 392.59464 -652.70179 641.27262 1.51343 -1.34350 2.06131
977 0.00000 -821.85790 886.19475 739.85618 2.05868 1.21429 -2.41682
978 0.00000 762.84721 153.02378 764.56126 0.86166 0.71831 -0.16497
979 0.00000 -654.95375 723.40073 -366.24541 -1.20278 -1.51243 -2.05915
980 0.00000 -93.32580 -80.55166 -753.41178 -2.49181 -1.54849 2.03946
981 0.00000 828.34776 -85.55015 776.92675 0.32200 0.76169 1.21412
982 0.00000 147.35277 351.81810 -769.33227 -2.29496 -1.33664 -0.80121
983 0.00000 -117.66966 660.35468 -605.92831 -0.56644 2.39716 1.39512
984 0.00000 -94.91251 311.03521 -459.91243 -1.68147 0.41722 1.97326
985 0.00000 700.76107 278.64575 896.34854 -0.64222 1.43853 -1.19807
986 0.00000 631.04739 185.63112 185.00352 1.30839 -2.41999 -1.96269
987 0.00000 -870.74803 -274.00024 468.98235 -2.43277 1.62795 1.19960
988 0.00000 -617.26903 -318.82989 850.68121 -1.59828 0.97792 -0.83506
989 0.00000 -665.70412 8.33413 613.37881 -1.70755 0.47594 -0.62735
990 0.00000 -78.56886 -946.89535 -385.07129 0.97738 2.00484 -0.65988
991 0.00000 -73.35331 637.25451 501.04037 -1.91716 -1.06113 1.22712
992 0.00000 485.36092 -203.06548 20.16004 0.96389 2.04652 -1.17929
993 0.00000 209.15395 -573.16638 251.81689 0.36757 -1.29040 1.74235
994 0.00000 309.74723 -108.43696 485.99261 -0.04694 1.06389 2.35545
995 0.00000 -1.43529 448.43801 755.44850 0.33317 1.62327 1.23657
996 0.00000 48.00712 -403.94331 -586.36189 -1.29540 -2.08272 -0.22435
997 0.00000 296.03626 735.32749 668.45746 -0.73664 0.21606 -2.26134
998 0.00000 -154.16410 457.66671 -561.50334 -1.91551 2.31733 1.10615
999 0.00000 701.78838 912.20086 591.99359 -1.92908 2.28345 -0.25883
